UNKNOWN                 
1 81036U          21279.49895419  .00002012  00000+0  28309-2 0  9996
2 81036  66.0145 342.4354 2766394 178.4735 182.7208  9.14826414261847
UNKNOWN                 
1 81037U          21278.03762479  .00008347  00000+0  69483-3 0  9991
2 81037  62.2035 186.8744 0248281  33.1893 328.4486 14.78373702981442
UNKNOWN                 
1 81052U          21279.48263547  .00001481  00000+0  48837-3 0  9992
2 81052  65.7818 206.7820 0651973 320.8887  34.6698 13.60871112391037
UNKNOWN                 
1 81069U          21280.43671209  .00001515  00000+0  25320-2 0  9994
2 81069 100.3306  96.7646 0068319 161.7256 198.6352 13.47151689309429
UNKNOWN                 
1 81073U          21277.76024420  .00007368  00000+0  10255-1 0  9990
2 81073  61.6923  61.7864 4717399 208.2712 115.2429  5.84296379510768
UNKNOWN                 
1 81078U          21277.68071058 -.00000071  00000+0 -91810-3 0  9999
2 81078  65.1174 158.9333 0183631 337.5284  50.9163 11.21691584322959
UNKNOWN                 
1 81111U          21280.16587737  .00028394  00000+0  17291-2 0  9996
2 81111  62.7960 246.2233 4514183 298.8390  23.3774  6.52181569163785
UNKNOWN                 
1 81123U 70025    21279.68678319  .00000351  00000+0  40255-3 0  9995
2 81123 100.0163 253.7550 0004848  35.4804 324.6666 13.77432976395642
UNKNOWN                 
1 81134U          21280.41167066  .00000004  00000+0 -10977-4 0  9993
2 81134  90.2838 327.8404 0025619  65.1500 295.2278 12.92319848265293
UNKNOWN                 
1 81161U          21279.96194395 -.00001030  00000+0 -10752-2 0  9996
2 81161 100.4063 330.4913 0062965 170.7723 189.4593 13.71301817346465
UNKNOWN                 
1 81219U 81053    21279.67220051  .00000255  00000+0  23185-3 0  9995
2 81219  82.9260  71.3986 0022011 194.2888 165.7651 13.79714277396670
UNKNOWN                 
1 81221U          21279.03812133  .00001266  00000+0  60232-3 0  9996
2 81221  98.8538 213.9471 0116477  73.0025 288.3875 14.17619044307128
UNKNOWN                 
1 81228U          21279.96959940  .00001055  00000+0  49935-3 0  9996
2 81228  70.5330  32.0824 0086896  77.3402 283.7418 14.20127692408021
UNKNOWN                 
1 81247U 81053    21279.31708629  .00002295  00000+0  59729-3 0  9998
2 81247  83.2472  44.0597 0028920 331.3232  28.6374 14.49009450414316
UNKNOWN                 
1 81254U 70025    21280.04409511  .00000449  00000+0  38159-3 0  9996
2 81254 100.3937 128.2785 0079858 114.6564 246.2934 13.92286597399724
UNKNOWN                 
1 81264U          21280.16216657  .00001434  00000+0  29220-3 0  9997
2 81264  99.4302 248.9711 0102471 298.7612  60.3320 14.59765922385563
UNKNOWN                 
1 81279U          21280.40550308  .00000392  00000+0  17866-3 0  9999
2 81279  98.0821  87.6079 0223966 153.3424 207.9475 14.13829086246394
UNKNOWN                 
1 81301U          21280.44324161  .00000036  00000+0  11072-3 0  9993
2 81301  66.7611 339.1809 0091704 181.9853 191.8614 13.75463602396231
UNKNOWN                 
1 81311U 90105    21278.12787303  .00000166  00000+0  47216-4 0  9996
2 81311  98.7388 237.8164 0139839  97.0219 326.2820 14.53084452417237
UNKNOWN                 
1 81317U 80089    21279.51871740 -.00000011  00000+0  90323-4 0  9992
2 81317  67.1374 298.5799 0211328  19.1639  56.1478 13.37117361384262
UNKNOWN                 
1 81323U          21280.37153359  .00002642  00000+0  57867-3 0  9995
2 81323  65.7785 161.2787 0496249  24.1762 338.1757 14.03431397896580
UNKNOWN                 
1 81329U          21280.29330890  .00000585  00000+0  24694-3 0  9995
2 81329  65.8276 352.7710 0875092 355.9171  56.2678 13.12884591415002
UNKNOWN                 
1 81341U          21280.12511733  .00005735  00000+0  17001-1 0  9992
2 81341  99.5247  48.3510 0364633 353.0681   6.5455 12.87830397326168
UNKNOWN                 
1 81342U          21279.38629247  .00001305  00000+0  78425-3 0  9997
2 81342  70.8991 277.0618 0153309 128.8339 232.6578 14.02981704402386
UNKNOWN                 
1 81343U          21279.98582894  .00000682  00000+0  76104-4 0  9990
2 81343  85.8733 280.3606 0008914 301.1941  58.8408 14.85337722226534
UNKNOWN                 
1 81357U          21280.43042775  .00002989  00000+0  28458-3 0  9996
2 81357  97.5075 172.8218 0199911  96.0186 266.3847 14.80181637308295
UNKNOWN                 
1 81359U          21280.18756173  .00000279  00000+0  34754-3 0  9990
2 81359  66.7985  95.0904 0124206 283.1102  75.6132 13.75242866395205
UNKNOWN                 
1 81366U          21279.12756226  .00000162  00000+0  93203-4 0  9995
2 81366  65.8856  68.9260 0735389  93.8439 274.6933 13.39007425861166
UNKNOWN                 
1 81371U          21279.63536398  .00000816  00000+0  18092-3 0  9991
2 81371  98.8584 242.7499 0088549  20.6722 339.8021 14.57790004418471
UNKNOWN                 
1 81374U          21270.85290233  .00002310  00000+0  80735-3 0  9998
2 81374  65.7305 216.1288 0056430 246.0884 113.4291 14.36228679362469
UNKNOWN                 
1 81380U          21279.37693290  .00002353  00000+0  76685-3 0  9997
2 81380  99.8556 154.6935 0000660  92.0401 268.0858 14.39852186397761
UNKNOWN                 
1 81386U          21279.49332243  .00001368  00000+0  65426-3 0  9990
2 81386  71.0579   5.8360 0124752 299.0854  59.7823 14.16862373406686
UNKNOWN                 
1 81390U          21279.64057622  .00001079  00000+0  86389-2 0  9996
2 81390 103.1002  45.4460 0176950 292.5993  65.6429 12.34288838311420
UNKNOWN                 
1 81391U          21277.68480713  .00002855  00000+0  12863-2 0  9999
2 81391  81.2076  42.7400 0015328 214.4558 145.5627 14.21970891362949
UNKNOWN                 
1 81392U          21280.31441628  .00001043  00000+0  12685-2 0  9996
2 81392 100.4134 113.4174 0049899 287.2641 249.2738 13.68398185392469
UNKNOWN                 
1 81402U          21278.31393171  .00002906  00000+0  11905-2 0  9997
2 81402  98.7296 301.2926 0005626 254.2644 105.7916 14.27939028227024
UNKNOWN                 
1 81405U          21277.81079873  .00000586  00000+0  51993-3 0  9998
2 81405  99.5602 280.3830 0168783 323.2471  35.7204 13.82929728349952
UNKNOWN                 
1 81406U          21280.42838633  .00000691  00000+0  31185-3 0  9995
2 81406  65.8153 326.5302 0900374 273.1994  76.6538 13.04800657333961
UNKNOWN                 
1 81409U 87068    21279.68729796  .00002626  00000+0  96319-3 0  9992
2 81409  82.6669  50.3547 0060328  49.4051 311.2362 14.31491889409815
UNKNOWN                 
1 81418U          21280.33044351  .00000662  00000+0  13912-2 0  9999
2 81418 100.3094  55.3277 0055554 331.3394  28.4680 13.35040268195072
UNKNOWN                 
1 81425U          21275.21610060  .00001233  00000+0  15214-2 0  9996
2 81425  99.4330   4.1858 0085911 100.9567 260.1256 13.65612368232200
UNKNOWN                 
1 81427U          21278.00283621  .00000389  00000+0  26700-3 0  9991
2 81427  98.8698 181.8261 0089231   3.1289 357.0418 14.03363195336987
UNKNOWN                 
1 81438U          21280.15616917  .00000949  00000+0  16572-2 0  9997
2 81438 100.2883  81.7300 0062491 182.9837 177.0928 13.45614586385909
UNKNOWN                 
1 81439U          21280.22305625  .00000635  00000+0  19474-2 0  9993
2 81439  67.1621 211.7511 0599037  64.1593 301.9942 12.61316273 69161
UNKNOWN                 
1 81449U 85042    21279.04870727  .00001609  00000+0  57439-3 0  9997
2 81449  66.8054 166.2629 0059715 229.8139 129.7727 14.35673089411456
UNKNOWN                 
1 81478U          21280.10082193  .00001082  00000+0  50842-3 0  9997
2 81478  99.0742 144.5931 0172796  42.4546 108.6902 14.14584192406167
UNKNOWN                 
1 81488U 75052    21280.46995764  .00000079  00000+0  18144-3 0  9997
2 81488 100.1271  97.8138 0044666 177.1225 211.0077 13.55478013389656
UNKNOWN                 
1 81497U          21279.55805475  .00001415  00000+0  17334-2 0  9999
2 81497 100.3034  32.1412 0029965 282.8069  91.6697 13.67458965  6379
UNKNOWN                 
1 81499U          21280.40287343  .00000530  00000+0  19009-3 0  9994
2 81499  74.0543 162.7087 0003394 230.0309 130.0546 14.36354165262493
UNKNOWN                 
1 81509U          21280.17006367  .00012348  00000+0  26298-2 0  9992
2 81509  98.7372  86.2175 0024796 237.6499 122.2298 14.58927611242286
UNKNOWN                 
1 81521U          21280.38330139  .00004850  00000+0  95861-3 0  9998
2 81521  99.6982  66.2844 0009307  33.0649 354.9101 14.62941278417645
UNKNOWN                 
1 81535U          21280.34114272  .00000472  00000+0  22828-3 0  9996
2 81535  98.1174 121.3766 0250976 228.5059 129.4329 14.07504731172170
UNKNOWN                 
1 81536U 73086    21279.72052265  .00000183  00000+0  14323-2 0  9993
2 81536 102.0463  97.3734 0036589 308.2280 115.0642 12.53943886360162
UNKNOWN                 
1 81537U 93016    21279.95479295  .00000044  00000+0  54147-4 0  9996
2 81537  71.0425  25.4362 0081036 291.5136  67.7357 14.05638604405687
UNKNOWN                 
1 81546U          21275.27937790  .00004741  00000+0  52428-3 0  9994
2 81546  66.8063 240.0015 0019134 189.4851 170.5919 14.88189034901526
UNKNOWN                 
1 81552U          21280.31388993 -.00001927  00000+0 -41640-2 0  9995
2 81552  99.0711  41.9234 0271642  74.6903 288.4062 13.15596378378246
UNKNOWN                 
1 81564U          21277.77867887  .00002776  00000+0  12117-2 0  9996
2 81564  81.1840  89.5640 0029740 129.9694 230.4103 14.23431997347686
UNKNOWN                 
1 81569U 95015    21280.42761645 -.00000400  00000+0 -27205-2 0  9990
2 81569  28.0754 193.9542 0315417 246.8506 109.8477 12.46210112362166
UNKNOWN                 
1 81579U          21280.17233802  .00005020  00000+0  31139-2 0  9994
2 81579 100.0423 250.0786 0236720 322.1046  36.3651 13.92740336397492
UNKNOWN                 
1 81599U          21279.62032617 -.00000321  00000+0 -47506-3 0  9992
2 81599  67.2987 338.7984 0249821 101.1463 336.7503 13.29056275381859
UNKNOWN                 
1 81605U          21275.12019083 -.00000837  00000+0 -31833-2 0  9990
2 81605  56.4356 217.7363 0150906 239.4807 119.1147 12.77578193322162
UNKNOWN                 
1 81614U 76077    21280.10297638 -.00003130  00000+0 -22975-1 0  9990
2 81614 101.7033 327.8358 0402361  66.1967 298.0732 12.20425959350541
UNKNOWN                 
1 81615U 92021    21279.60420429  .00000105  00000+0  72941-4 0  9995
2 81615  65.8340 346.7497 0815781 116.7470 251.9393 13.23186148380016
UNKNOWN                 
1 81617U 73086    21280.09371854  .00000055  00000+0  58967-3 0  9994
2 81617 101.3315 140.0604 0044988  10.5308 349.6700 12.56204250361202
UNKNOWN                 
1 81624U          21280.17062556  .00000483  00000+0  13818-3 0  9994
2 81624  66.9921 343.1601 0086469  47.9294 312.9130 14.51474096416946
UNKNOWN                 
1 81626U          21279.80625437  .00012924  00000+0  28281-2 0  9999
2 81626  71.0064  66.8920 0014275 205.1689 154.8762 14.57762251404689
UNKNOWN                 
1 81634U          21279.76212147  .00668392  89367-4  97511-2 0  9999
2 81634  51.6847  89.7639 0426243 337.4137  20.8547 14.92081615303803
UNKNOWN                 
1 81640U          21277.26280926  .00000051  00000+0  99761-4 0  9994
2 81640  65.8284  15.9063 0995355 336.7803  19.1011 12.55440930317843
UNKNOWN                 
1 81652U 76077    21278.27311735  .00000264  00000+0  38126-3 0  9992
2 81652 102.1459 191.8064 0379624 168.2237 344.6928 13.41378392373397
UNKNOWN                 
1 81661U          21280.22965873  .00002449  00000+0  68969-3 0  9996
2 81661  98.4248 194.8954 0066350 183.4250 176.6496 14.45423327313283
UNKNOWN                 
1 81667U          21280.43979692  .00000533  00000+0  18660-3 0  9994
2 81667  74.0459 344.2950 0020528 300.8564  59.0570 14.37477517236574
UNKNOWN                 
1 81674U          21279.14678064  .00000302  00000+0  23462-3 0  9997
2 81674  66.8241 235.1523 0036421 250.2644 124.4653 14.05144940398664
UNKNOWN                 
1 81678U          21280.24151975  .00003242  00000+0  47231-3 0  9997
2 81678  65.8322 268.2077 0053297 175.0324 195.8186 14.76411990421409
UNKNOWN                 
1 81683U          21280.18809935  .00000672  00000+0  19223-3 0  9996
2 81683  81.2207  83.9001 0030670 226.0662 133.7996 14.43882456414652
UNKNOWN                 
1 81693U 73086    21280.34891869  .00000349  00000+0  28645-2 0  9994
2 81693 101.0953 133.2254 0370428  74.6543 289.5127 12.23105224780844
UNKNOWN                 
1 81696U          21279.53675264  .00003789  00000+0  37398-3 0  9998
2 81696  97.4470 208.2659 0216103 284.6876  73.0472 14.76668640285870
UNKNOWN                 
1 81721U          21280.13926541  .00012566  00000+0  30595-2 0  9996
2 81721  98.1743 346.2300 0347445 188.3832 171.1449 14.22114579314158
UNKNOWN                 
1 81732U          21280.20622159  .00006988  00000+0  76183-3 0  9999
2 81732  65.7370 202.4822 0278167 311.4252  46.3250 14.64311945418371
UNKNOWN                 
1 81745U          21280.27009597  .00000532  00000+0  22401-3 0  9998
2 81745  71.0022  97.1110 0005122  63.1023 111.9371 14.30292190410743
UNKNOWN                 
1 81749U          21270.87638001 -.00000183  00000+0 -50023-3 0  9990
2 81749  99.7009 137.8910 0371952 330.8462  90.1495 12.76982795365803
UNKNOWN                 
1 81775U          21279.58595495  .00001555  00000+0  72172-3 0  9996
2 81775  82.9310  22.9310 0024353 209.4269 150.5543 14.19988215407247
UNKNOWN                 
1 81779U          21280.42126780 -.00003287  00000+0 -10316+0 0  9996
2 81779  54.0968 309.1452 1884444 152.9832 218.3053  9.24132394338691
UNKNOWN                 
1 81792U          21279.69102716 -.00000065  00000+0  95656-5 0  9997
2 81792  65.8240 265.6765 0925677 239.0857 111.5999 13.04154343375469
UNKNOWN                 
1 81794U          21280.43892816  .00004896  00000+0  67387-3 0  9993
2 81794  81.1849 280.3391 0005014 306.0651  54.0092 14.78146781422385
UNKNOWN                 
1 81795U          21280.33142628  .00180596  00000+0  80942-2 0  9995
2 81795   6.3439  84.4085 1363259 158.7396 207.5287 12.70355423262175
UNKNOWN                 
1 81798U          21280.01424455  .00004145  00000+0  99366-3 0  9990
2 81798  74.0159 131.4157 0042632 219.5948 140.2099 14.53248475364593
UNKNOWN                 
1 81812U          21280.21629483  .00005157  00000+0  38047-1 0  9998
2 81812 103.8290  10.7487 0320556 290.1053  66.5775 12.28714180352418
UNKNOWN                 
1 81813U          21279.74853539  .00000933  00000+0  28606-3 0  9995
2 81813  99.0959 105.7749 0018595 349.5724  10.5076 14.44154450414313
UNKNOWN                 
1 81816U 77121    21280.32420582  .00000316  00000+0  31391-3 0  9990
2 81816  66.2380 123.2024 0180692  55.7419 306.0617 13.83884758397649
UNKNOWN                 
1 81817U          21280.36820520  .00003791  00000+0  43954-3 0  9991
2 81817  65.7275 154.8548 0301751  94.6677 268.8955 14.59172862421106
UNKNOWN                 
1 81818U          21277.53227718  .00001339  00000+0  29652-3 0  9992
2 81818  65.7555 330.5445 0684667 266.6197  85.6375 13.69979225437459
UNKNOWN                 
1 81819U          21280.10691584  .00000409  00000+0  31882-2 0  9990
2 81819 102.2430 336.2138 0033821  87.7524 272.7413 12.45058755357707
UNKNOWN                 
1 81821U          21280.09299295  .00040649  49229-6  54111-3 0  9998
2 81821  34.0537 198.2089 2164111 156.2076 215.5844 11.19831202392959
UNKNOWN                 
1 81824U          21280.15964787  .00000776  00000+0  42040-3 0  9995
2 81824  65.8485 113.1215 0041370  85.2680 275.3127 14.17760219407027
UNKNOWN                 
1 81833U          21280.40733826  .00000035  00000+0  10065-3 0  9991
2 81833  90.2777 327.7200 0028334  62.4503 297.9489 12.93003041255090
UNKNOWN                 
1 81838U          21279.27288598  .00000990  00000+0  35456-3 0  9991
2 81838  67.7679 221.9778 0030868  25.6317 123.2265 14.37430688412582
UNKNOWN                 
1 81844U          21280.39427953  .00001113  00000+0  55219-3 0  9990
2 81844  82.9231  69.5947 0081514  75.7704 285.2511 14.14643655405889
UNKNOWN                 
1 81845U          21280.38698553  .00000404  00000+0  62506-4 0  9996
2 81845  97.8134 145.5536 0103431 235.1962 300.5797 14.75193018423772
UNKNOWN                 
1 81864U          21276.58308435  .00000261  00000+0  13398-3 0  9996
2 81864  65.6767  22.7341 0799891 311.7374  41.7857 13.25874701347446
UNKNOWN                 
1 81865U 87062    21280.35535233  .00000558  00000+0  49270-3 0  9995
2 81865  82.8047 121.0782 0071575   2.3345 173.1492 13.82448567397163
UNKNOWN                 
1 81872U          21279.32933952  .00024081  00000+0  19030-2 0  9992
2 81872  62.0371 147.6740 1954519 273.8405  64.2610 11.37463946166498
UNKNOWN                 
1 81873U          21280.06528118  .00001014  00000+0  59619-3 0  9999
2 81873  99.1051 315.9442 0073655  70.3322 290.5776 14.09006462353622
UNKNOWN                 
1 81877U          21279.14094079  .00000153  00000+0  30154-3 0  9990
2 81877  65.9345  79.8111 0059008 115.0414 245.6784 13.60421242919965
UNKNOWN                 
1 81893U 70025    21280.42745438  .00000426  00000+0  51843-3 0  9998
2 81893  99.9691 175.5777 0016792 240.4515 119.4957 13.72428367394318
UNKNOWN                 
1 81899U          21280.45380838  .00000461  00000+0  12605-2 0  9993
2 81899 102.4445  91.7019 0180212 186.3722 173.5087 13.16047469377804
UNKNOWN                 
1 81902U          21278.43316158  .00003697  00000+0  52523-3 0  9995
2 81902  81.6346 334.6432 0292413 298.3246  58.8735 14.51501729415045
UNKNOWN                 
1 81905U          21280.44416501  .00063819  00000+0  23417-2 0  9996
2 81905  61.7309  43.5891 1546200  71.9730 304.3206 12.36021386483034
UNKNOWN                 
1 81921U          21280.21419669  .00000310  00000+0  16485-3 0  9992
2 81921  65.7079 255.2330 0879226  41.1769 325.2297 13.07190324828399
UNKNOWN                 
1 81946U 87079    21274.83876059  .00000030  00000+0  27744-3 0  9990
2 81946  66.4225 218.7976 0670201  11.6210  15.5266 12.41904017357483
UNKNOWN                 
1 81947U          21279.57084570  .00000651  00000+0  89728-4 0  9995
2 81947  66.0837  28.2301 0465004 343.5956  15.0501 14.31455865410998
UNKNOWN                 
1 81964U          21280.45758275  .00000037  00000+0  86587-4 0  9991
2 81964  66.5840  86.7490 0034851   4.2923 355.8448 13.94449710401019
UNKNOWN                 
1 81969U          21280.43399753  .00000906  00000+0  10140-3 0  9992
2 81969  86.6648  82.7900 0009044 233.8853 126.1535 14.85668015212101
UNKNOWN                 
1 81995U          21279.45417213  .00000503  00000+0  13901-3 0  9994
2 81995  65.7541  77.7475 0602354 328.1419  28.4487 13.82080443391725
UNKNOWN                 
1 82025U          21275.92887176  .00044873  00000+0  42810-2 0  9994
2 82025  74.0201 249.9786 0013504 283.4487  76.5191 14.93028852368072
UNKNOWN                 
1 82039U          21278.26183693  .00003321  00000+0  78056-3 0  9997
2 82039  99.0857 286.8735 0044547  34.4919 325.9152 14.54575042334144
UNKNOWN                 
1 82043U          21279.72006612  .00000615  00000+0  20958-3 0  9990
2 82043  97.9846 189.4815 0261078 313.7050  44.2764 14.22400413356047
UNKNOWN                 
1 82044U          21280.09321635  .00000682  00000+0  76448-3 0  9997
2 82044  99.9467 332.2056 0066763 251.9641 107.4224 13.74099638351886
UNKNOWN                 
1 82051U          21277.94626938  .00000923  00000+0  44067-3 0  9999
2 82051  98.8438 340.6765 0116810  12.6371 347.7689 14.18100857354580
UNKNOWN                 
1 82073U          21280.05139093  .00000388  00000+0  13148-3 0  9991
2 82073  97.7123 141.8760 0241713 217.6111 140.7955 14.26450278356593
UNKNOWN                 
1 82110U          21280.41104127  .00052799  00000+0  70012-2 0  9998
2 82110  51.6127  79.4116 1459535 260.4308  82.9196 12.27345716255116
UNKNOWN                 
1 82112U          21280.04915211  .00002014  00000+0  56477-3 0  9998
2 82112  98.6509  15.2180 0099858 262.1197  96.8649 14.44311606360479
UNKNOWN                 
1 82139U          21279.03324869  .00000740  00000+0  46030-3 0  9995
2 82139  99.1415 312.0923 0092047   7.4865 352.7653 14.06137093264711
UNKNOWN                 
1 82162U          21278.99116308  .00000776  00000+0  14401-2 0  9997
2 82162 100.3926 121.1239 0062027 310.4121  49.1605 13.42473947298514
UNKNOWN                 
1 82168U          21279.67172503  .00005856  00000+0  89040-3 0  9994
2 82168  74.0103 275.6661 0011688 323.6843  36.3535 14.74180428263676
UNKNOWN                 
1 82180U          21280.21042557  .00001778  00000+0  38936-3 0  9992
2 82180  65.6590  96.8104 0490054 255.9550  98.6603 14.05444941384466
UNKNOWN                 
1 82187U          21278.00154868  .00004481  00000+0  84849-3 0  9990
2 82187  70.9430  18.0096 0066983  15.6236 344.6957 14.63438834418634
UNKNOWN                 
1 82189U          21277.41768058  .00000099  00000+0  44937-4 0  9994
2 82189  74.0357 329.9953 0016534 177.0645 183.0607 14.33658013413013
UNKNOWN                 
1 82199U          21280.04058130  .00000235  00000+0  19790-3 0  9991
2 82199  82.9645 299.9083 0038763  51.9449 337.7290 13.83577963398300
UNKNOWN                 
1 82205U          21280.40397575  .00000725  00000+0  16646-3 0  9999
2 82205  62.9941 214.8050 0646391 145.5702 218.9042 13.79710818396305
UNKNOWN                 
1 82223U          21275.95204663  .00000634  00000+0  42801-3 0  9999
2 82223  99.3911  86.7764 0075697 254.5187 104.7609 14.03004069233445
UNKNOWN                 
1 82227U          21279.43696211  .00000002  00000+0  33643-3 0  9997
2 82227 101.8394 251.6796 0003384  45.6990 108.5108 12.41980149451424
UNKNOWN                 
1 82250U          21275.70575649  .00000598  00000+0  41707-3 0  9990
2 82250  98.9614 181.6447 0084747 153.6712 236.3438 14.00720239401374
UNKNOWN                 
1 82272U          21280.44005946  .00000036  00000+0  26250-3 0  9992
2 82272  67.5235  82.8237 0754962   2.3364 358.0857 12.31986715 83697
UNKNOWN                 
1 82284U          21279.33827548  .00002821  00000+0  11149-2 0  9995
2 82284  99.5627  62.7906 0107338 150.0804 210.6567 14.26779999452689
UNKNOWN                 
1 82285U          21279.21238665 -.00000215  00000+0 -15344-3 0  9998
2 82285 102.0036  14.3389 0353696  90.9839 273.1825 13.54256500387789
UNKNOWN                 
1 82295U          21278.17219794  .00000260  00000+0  13216-3 0  9999
2 82295  66.6221 189.7312 0137891 221.8544 137.1945 14.25757994361336
UNKNOWN                 
1 82298U          21275.49173272  .00001491  00000+0  79550-3 0  9994
2 82298  99.0639   0.1419 0061259 358.3239   1.7718 14.13945821348421
UNKNOWN                 
1 82303U          21280.42339470  .00002071  00000+0  45723-2 0  9993
2 82303  81.9700 154.6052 0086767 304.6327 231.8171 13.26301770308694
UNKNOWN                 
1 82311U          21280.23531444  .00000421  00000+0  67764-3 0  9993
2 82311  99.5115  18.3581 0114081 186.7172 173.2440 13.51929378343740
UNKNOWN                 
1 82314U          21279.52861199  .00014671  00000+0  64153-3 0  9990
2 82314  99.2129  10.0327 0201734 176.0242 184.2642 15.05730208311366
UNKNOWN                 
1 82320U          21279.83991991  .00000761  00000+0  28958-3 0  9993
2 82320  99.8578 299.0342 0160089 277.3026  80.9980 14.27789090409771
UNKNOWN                 
1 82322U          21280.40374933  .00001974  00000+0  48672-3 0  9993
2 82322  98.5853 345.8571 0078744  81.1695 279.8406 14.51467669342576
UNKNOWN                 
1 82348U          21277.89999971 -.00000833  00000+0 -10273-2 0  9995
2 82348  63.7518 149.2923 3210296 296.3822  34.3500  8.38575747238846
UNKNOWN                 
1 82363U          21279.28925903  .00000585  00000+0  10419-2 0  9995
2 82363  66.9386 221.0969 0455832  59.6225 304.9062 13.13777088 89362
UNKNOWN                 
1 82369U 99025    21280.32572425 -.00000063  00000+0 -13176-4 0  9998
2 82369  99.0421 311.6058 0083745 226.3652 133.0544 13.97026049343834
UNKNOWN                 
1 82381U          21279.96941799  .00001494  00000+0  49802-3 0  9990
2 82381  98.4914 113.7296 0017051 131.4316 228.8340 14.38923502289060
UNKNOWN                 
1 82383U          21280.36179060  .00004654  00000+0  66170-3 0  9990
2 82383  98.2890 325.9968 0007553 141.2491 218.9261 14.77376093320580
UNKNOWN                 
1 82402U          21280.44853804  .00000736  00000+0  82324-4 0  9993
2 82402  86.6649  82.9379 0009089 234.9916 125.0455 14.85408542226761
UNKNOWN                 
1 82410U          21279.59813582  .00000086  00000+0  16299-3 0  9990
2 82410  66.6591  42.7116 0066417 315.5468  44.0283 13.76078004376404
UNKNOWN                 
1 82428U          21279.84817225  .00010678  00000+0  10040-1 0  9999
2 82428  63.1821  90.2799 0095462  71.3262 289.8114 13.79769683208327
UNKNOWN                 
1 82432U 93036    21279.55049092  .00000373  00000+0  10021-3 0  9994
2 82432  74.0116 352.0727 0063133 169.0126 191.2431 14.50518345260855
UNKNOWN                 
1 82448U          21280.29402313  .00000701  00000+0  78173-4 0  9990
2 82448  85.8737 280.1621 0008912 299.7158  60.3178 14.85364580209300
UNKNOWN                 
1 82451U          21276.59459785  .00011065  00000+0  11963-2 0  9994
2 82451  66.5357 343.0447 0286970 179.6799 180.4556 14.62920642907482
UNKNOWN                 
1 82453U          21280.34653782 -.00000009  00000+0  25959-3 0  9995
2 82453 101.9557 230.6002 0093674 156.7407 203.7936 12.39524251356800
UNKNOWN                 
1 82458U          21280.33412607  .00000984  00000+0  59730-3 0  9993
2 82458  66.5116 148.9324 0067965 306.9035  52.5835 14.09451346393992
UNKNOWN                 
1 82464U          21278.10582648  .00003036  00000+0  89814-3 0  9992
2 82464  71.0004 213.3034 0086135 344.8630  28.3893 14.42095527412756
UNKNOWN                 
1 82475U          21278.88679869  .00000943  00000+0  58531-3 0  9997
2 82475  99.1432 314.0869 0107022  39.7282 321.1662 14.04818353331061
UNKNOWN                 
1 82481U          21274.60109138  .00038470  00000+0  21175-2 0  9996
2 82481  99.0084 189.3956 0028555 289.3005  70.5134 15.13583687226588
UNKNOWN                 
1 82484U          21280.15165843 -.00000013  00000+0  42375-4 0  9991
2 82484  99.5439 346.2903 0046136  94.1643 266.4769 13.55112044383696
UNKNOWN                 
1 82494U 93036    21279.39479076  .00001223  00000+0  32600-3 0  9995
2 82494  74.0210  67.0884 0011345 214.5771 145.4652 14.49514109260448
UNKNOWN                 
1 82500U          21280.33306883  .00001075  00000+0  64208-3 0  9997
2 82500  70.9726 309.5672 0147319 250.4553 108.0606 14.04206887403692
UNKNOWN                 
1 82517U          21280.26663182  .00001682  00000+0  49644-3 0  9996
2 82517  86.3905  14.1090 0022941 238.0183 121.8788 14.42898090202503
UNKNOWN                 
1 82524U          21280.45715873  .00001015  00000+0  46624-3 0  9995
2 82524  73.2924 169.7245 0175964 359.7468 174.9175 14.14860416359903
UNKNOWN                 
1 82526U          21274.94862481  .00001124  00000+0  74398-3 0  9992
2 82526  99.2503 314.3106 0105801 236.3081 122.7961 14.01031155306669
UNKNOWN                 
1 82529U          21278.07938367 -.00000164  00000+0 -19155-3 0  9995
2 82529  99.7789  31.6274 0241015   0.9892 174.0961 13.38564260384923
UNKNOWN                 
1 82545U          21277.84257932 -.00000031  00000+0  31180-3 0  9993
2 82545  64.8811 132.9620 0183336 227.3226 131.2129 11.30779696265927
UNKNOWN                 
1 82560U          21276.77388847  .00000431  00000+0  42263-3 0  9998
2 82560 100.0407  90.9630 0009985   4.2053  11.6040 13.85463711399559
UNKNOWN                 
1 82561U          21279.71094821  .00001559  00000+0  54737-3 0  9993
2 82561  63.1187 252.9548 0482171 348.5105 187.4155 13.88546232398636
UNKNOWN                 
1 82576U          21278.36027102  .00001283  00000+0  86345-3 0  9991
2 82576  99.2722 305.3934 0113106 255.6317 103.2269 13.99487669 19712
UNKNOWN                 
1 82597U          21280.42569237  .00000447  00000+0  20072-3 0  9990
2 82597  66.7735 179.9069 0102798 356.8744   3.1698 14.28376352410410
UNKNOWN                 
1 82616U          21279.52792736  .00004113  00000+0  52629-3 0  9990
2 82616  97.3057   8.7791 0095547 307.6958  51.5619 14.78644294339344
UNKNOWN                 
1 82617U          21279.53721981  .00000122  00000+0  41484-4 0  9990
2 82617  74.0287 223.3189 0041050 185.6415 174.4287 14.46286618415708
UNKNOWN                 
1 82627U          21280.40469569  .00000594  00000+0  15875-2 0  9996
2 82627  82.4751 254.9349 0009685 336.1790 176.7224 13.13702396378111
UNKNOWN                 
1 82637U          21271.79798860  .00004759  00000+0  12571-2 0  9995
2 82637  99.5253 118.2789 0034568  52.1032 308.3275 14.49080559281617
UNKNOWN                 
1 82642U          21280.20091537  .00000406  00000+0  28449-3 0  9991
2 82642  99.0111 189.1639 0139252 157.2163 203.5261 13.99285184402026
UNKNOWN                 
1 82683U 99057    21280.25799726  .00000391  00000+0  17758-3 0  9990
2 82683  98.1021  92.7355 0228257 161.3022 199.6713 14.13649174246055
UNKNOWN                 
1 82693U          21280.20228453  .00000912  00000+0  12788-2 0  9996
2 82693 100.5448  97.1933 0044596 193.9345 166.0564 13.60155689345516
UNKNOWN                 
1 82698U          21280.21880634  .00000494  00000+0  32962-3 0  9999
2 82698  61.6040 250.3780 0743021  95.5990 273.0146 13.21466794336010
UNKNOWN                 
1 82708U          21280.32550416  .00000307  00000+0  14137-2 0  9991
2 82708 102.1522 322.6501 0063081 124.8506 235.8537 12.87160713326788
UNKNOWN                 
1 82728U          21280.25497508  .00028482  00000+0  78264-2 0  9992
2 82728 100.1130 104.8400 0154356 142.5286 218.6777 14.40100154878230
UNKNOWN                 
1 82729U          21278.24184220  .00000229  00000+0  93281-3 0  9999
2 82729  67.9534 266.1791 0832572 335.0318  21.2469 12.15964068349121
UNKNOWN                 
1 82737U          21279.45150406  .00005906  00000+0  77899-2 0  9994
2 82737 102.9260 353.8252 0338812 245.3906 111.1562 13.40364619339279
UNKNOWN                 
1 82739U          21280.07782389  .00000649  00000+0  62183-3 0  9997
2 82739  99.0473 124.2962 0185132  44.5756 107.8378 13.76436541395562
UNKNOWN                 
1 82741U          21279.45115283  .00000737  00000+0  98456-3 0  9993
2 82741 102.8689 178.9880 0213734  55.2826 306.8230 13.56483097389252
UNKNOWN                 
1 82742U          21278.42897711  .00002091  00000+0  92548-3 0  9994
2 82742  99.5778 343.2796 0057611  80.9692 279.7998 14.23517603325102
UNKNOWN                 
1 82748U          21279.78366699  .00071938  00000+0  12264-1 0  9997
2 82748 102.8465 222.1731 0042262  19.5809 340.6990 14.67997565332012
UNKNOWN                 
1 82755U          21280.20426200  .00006460  00000+0  11035-2 0  9993
2 82755  99.8085  11.9010 0003318 195.6127 164.4971 14.69354491419682
UNKNOWN                 
1 82778U          21276.67591989  .82717064  12635-4  14032-2 0  9992
2 82778  53.0015 122.2820 0009887 302.9206  64.0861 16.47220874    05
UNKNOWN                 
1 82783U          21280.16363079 -.00000002  00000+0 -26568-4 0  9990
2 82783  90.3187 352.7320 0020627 243.2107 116.6909 13.06767205304697
UNKNOWN                 
1 82785U          21277.49275181  .00005397  00000+0  92383-3 0  9997
2 82785  63.1285 173.8929 0383472  33.6723 140.2601 14.31307532410319
UNKNOWN                 
1 82820U          21280.37057239  .00000944  00000+0  44875-3 0  9996
2 82820  99.7891 242.1416 0061608 354.3689   5.6785 14.21311880407904
UNKNOWN                 
1 82829U          21280.22672705  .00000133  00000+0  48522-2 0  9992
2 82829  65.1018 350.3974 0173692 307.3017  83.2873 11.28923755313632
UNKNOWN                 
1 82854U          21279.42749883  .00000638  00000-0  55054-3 0  9992
2 82854  82.6932 175.1376 0135318 268.7292  89.8362 13.81165126868772
UNKNOWN                 
1 82873U          21280.06799427  .00000835  00000+0  48788-3 0  9998
2 82873 100.0120 325.5826 0048075 157.5755 202.7528 14.11118806404964
UNKNOWN                 
1 82875U          21279.26121329  .00000224  00000+0  75711-4 0  9999
2 82875  98.6163 293.6585 0393355 336.8590  21.5280 14.10835118328682
UNKNOWN                 
1 82893U          21279.19867540  .00001105  00000+0  67620-3 0  9991
2 82893  98.9790   2.9171 0035052  73.8918 286.6105 14.07668493207617
UNKNOWN                 
1 82912U          21279.66287365  .00001671  00000+0  75185-3 0  9999
2 82912  65.8405  50.6063 0832438 242.3543 109.0626 13.14996620377634
UNKNOWN                 
1 82915U          21278.87869579  .00004732  00000+0  77705-3 0  9998
2 82915  74.0218 343.1341 0025873  23.6790 336.5566 14.70715486257506
UNKNOWN                 
1 82939U          21280.04425080 -.00000389  00000+0 -27311-1 0  9993
2 82939  86.3370 313.8306 1873536 321.5100  26.5661  8.75626594252040
UNKNOWN                 
1 82959U          21280.34699802  .00000501  00000+0  31202-3 0  9993
2 82959 100.0845 239.4270 0054075  89.0739 271.6622 14.09717841328323
UNKNOWN                 
1 82961U          21280.16224479 -.00003020  00000+0 -66139-2 0  9997
2 82961  99.6148 181.0286 0492879 259.7718  94.7470 12.90365105356679
UNKNOWN                 
1 82965U 70025    21279.46889896  .00000518  00000+0  81115-3 0  9995
2 82965 100.2244 286.7412 0001023 358.9215   1.1919 13.55786502317075
UNKNOWN                 
1 82991U          21279.71770785  .00006633  00000+0  11741-2 0  9995
2 82991  86.3185 272.1346 0029027 291.8617  67.9510 14.66944469260774
UNKNOWN                 
1 82996U          21280.21184765  .00019148  00000+0  53968-1 0  9995
2 82996  51.4305 106.5029 1311429 169.3315 193.8459 11.47238377251130
UNKNOWN                 
1 83903U          21280.31214146 -.00000242  00000+0  00000+0 0  9995
2 83903   9.8555 306.2060 0132618 205.7972 326.4963  0.99116621 28522
UNKNOWN                 
1 83934U          21280.31359273 -.00000172  00000+0  00000+0 0  9992
2 83934   9.1565 311.3013 0234425 226.1356 179.4451  1.02662323 29605
UNKNOWN                 
1 83952U          21277.10776916  .00000280  00000+0  27497-2 0  9993
2 83952  20.6044 223.5373 7149509 352.4990   0.7185  2.32043721 48497
UNKNOWN                 
1 83970U          21274.06830716  .00011081  00000+0  48263-2 0  9999
2 83970  18.3207 129.6403 5253224 227.4914  74.2654  5.13067943115954
UNKNOWN                 
1 83975U          21278.80677943 -.00000160  00000+0  00000+0 0  9992
2 83975  18.8023 172.8690 6993878 195.6142 120.4338  2.15306744 49418
UNKNOWN                 
1 84006U          21275.53622369 -.00000138  00000+0  00000+0 0  9992
2 84006  22.9350 112.4785 6114410 265.7359  26.7953  2.16230973 51082
UNKNOWN                 
1 84026U          21280.00408821  .00017630  00000+0  92981-2 0  9993
2 84026  21.6545 199.1552 6179364 131.3439 301.2026  3.72580049 69026
UNKNOWN                 
1 84045U          21279.79676430 -.00000830  00000+0 -15177-1 0  9998
2 84045  19.2701 331.0067 7286965 118.3864 331.1270  2.08817272 11137
UNKNOWN                 
1 84079U          21275.49551216  .00001447  00000+0  16541-2 0  9992
2 84079  62.7920 329.0079 3991940 166.6772 208.2516  7.06555701195966
UNKNOWN                 
1 84188U          21279.98168522  .00045982  00000+0  43989-1 0  9992
2 84188  64.7728 119.9448 4988866 137.1367 275.0429  5.46300455148552
UNKNOWN                 
1 84197U          21280.25144038  .00000371  00000+0  10795-2 0  9993
2 84197  20.3227 293.2985 6025894 109.0577 322.5175  3.83501017 78499
UNKNOWN                 
1 84232U 79104    21280.36310678  .00000392  00000+0  98551-3 0  9991
2 84232  20.6339 345.1481 6893066  75.7858 346.6705  2.71691147 60069
UNKNOWN                 
1 84249U          21280.18073342  .00006093  00000+0  32900-2 0  9991
2 84249  64.5012 356.8861 5683101   0.0397   0.0625  4.45135564 81242
UNKNOWN                 
1 84292U          21279.96012224  .00009339  00000+0  13979-2 0  9996
2 84292  23.9346  49.9371 4879409 276.8970  32.1312  5.82630633135644
UNKNOWN                 
1 84342U          21280.02192350  .00095961  00000+0  18357-1 0  9990
2 84342  21.7967 153.5094 5774184 101.7881 325.0312  4.38275638 78944
UNKNOWN                 
1 84346U          21280.11775495  .00004931  00000+0  13839-2 0  9999
2 84346  20.8258 262.6843 6916096 122.2211 322.9011  2.74777979 42802
UNKNOWN                 
1 84353U          21280.38322674  .00000097  00000+0  00000+0 0  9995
2 84353  19.4908 333.1498 6706704 174.2450 201.3752  2.03745311 36982
UNKNOWN                 
1 84406U          21279.56717946  .00000411  00000-0  24540-2 0  9991
2 84406 101.6653  30.3861 0045020 178.6298 192.1178 12.64936625855921
UNKNOWN                 
1 84414U          21274.19567229  .00032052  00000+0  17624-2 0  9991
2 84414  65.2167   0.4180 4158684 318.5862  16.4089  7.16117316123942
UNKNOWN                 
1 84415U          21280.39412852  .00113404  00000+0  66522-2 0  9994
2 84415  23.7953  19.6319 4998153 163.1674 222.5856  5.69531561  5061
UNKNOWN                 
1 84434U          21280.25787969  .00001877  00000+0  46805-2 0  9996
2 84434  19.9106 199.4235 7171555  50.2825 353.4321  2.33948003 49902
UNKNOWN                 
1 84437U          21279.67289448  .00000191  00000+0  00000+0 0  9994
2 84437  18.4214 267.6532 6983671 300.8060   8.6008  1.97252905 54142
UNKNOWN                 
1 84452U          21280.21555305  .00012563  00000+0  95950-3 0  9999
2 84452   2.7743 261.3176 6365196 336.3630   4.0020  3.54732168 96453
UNKNOWN                 
1 84480U          21277.27803386  .00002845  00000+0  14321-2 0  9991
2 84480  45.9174  10.2701 4550654 355.8278   1.4151  6.25795740161751
UNKNOWN                 
1 84575U          21280.21919177 -.00000347  00000+0 -14904-1 0  9993
2 84575  18.6094 308.8063 7129086 166.7088 233.1605  2.19820036 31854
UNKNOWN                 
1 84588U          21280.01046598  .00003231  00000+0  15220-2 0  9999
2 84588   2.0012 126.9460 7039006 120.2574 327.0814  2.57183722 67537
UNKNOWN                 
1 84911U          21280.28021959 -.00000141  00000+0 -19803-2 0  9992
2 84911   1.6431  96.7174 6561021 354.4040 274.0220  2.95789607 85312
UNKNOWN                 
1 84932U          21280.40063035  .00000163  00000+0  20248-2 0  9997
2 84932   2.4747 337.3585 6581898 230.4592 211.2122  2.98967256 86027
UNKNOWN                 
1 84950U          21280.47743021 -.00000050  00000+0  00000+0 0  9991
2 84950   1.9297 105.0120 6971483  80.2165 267.0482  2.04262324 58776
UNKNOWN                 
1 84961U          21280.11484405  .00000016  00000+0  00000+0 0  9993
2 84961   9.2034 299.9655 0148771 229.7841 128.7676  0.98632600 28386
UNKNOWN                 
1 85001U          21280.39879649  .00026133  00000+0  35705-2 0  9998
2 85001  51.4193 289.5542 2751760 162.3816 209.5656  9.68948393283082
UNKNOWN                 
1 85004U          21279.26784546  .00000237  00000+0  94295-4 0  9994
2 85004  98.2625 275.2025 0052262  66.0737 307.4590 14.35903848412392
UNKNOWN                 
1 85010U          21280.15767963  .00000441  00000+0  54276-3 0  9996
2 85010  99.3694 164.0194 0027253 289.8804 222.2257 13.70880724394344
UNKNOWN                 
1 85011U          21280.24259089  .00006532  00000+0  26587-2 0  9992
2 85011  70.9817 115.1061 0020561   9.4115 350.7395 14.27698282205006
UNKNOWN                 
1 85015U          21280.10933586  .00000093  00000+0  25798-4 0  9993
2 85015  74.0478  74.2782 0014574   9.7834 350.3612 14.59718980419559
UNKNOWN                 
1 85023U          21280.30057646  .00001858  00000+0  79051-3 0  9998
2 85023  99.8631  44.4947 0003609 127.4961 265.1593 14.26679351408935
UNKNOWN                 
1 85027U          21280.30849082 -.00000029  00000+0  47719-4 0  9992
2 85027  66.0408 238.4903 0186402 279.7168  78.2887 13.73328422394818
UNKNOWN                 
1 85047U          21280.34097817  .00002191  00000+0  60493-2 0  9992
2 85047 102.1544 319.4189 0180752  56.4369 305.3848 13.08999360374681
UNKNOWN                 
1 85061U          21279.30371041  .00001513  00000+0  70498-2 0  9999
2 85061 102.4159 113.3793 0312038 251.4215 287.7755 12.64178694361838
UNKNOWN                 
1 85100U          21277.93369109  .00000096  00000+0  39762-4 0  9998
2 85100  74.0471 165.8963 0011719  52.0249 322.9119 14.38872682413204
UNKNOWN                 
1 85106U          21280.27131706  .00000287  00000+0  38035-3 0  9998
2 85106 100.1629 280.8512 0009490 293.0324  79.7814 13.70440014393681
UNKNOWN                 
1 85111U 73086    21279.36485991  .00000034  00000+0  50419-3 0  9994
2 85111 101.6272 250.7092 0013268  36.9810 323.2174 12.50875918274752
UNKNOWN                 
1 85117U          21280.38602054  .00008826  00000+0  11073-2 0  9990
2 85117  70.0358 323.9516 0067831 247.1917 112.2059 14.80825411371692
UNKNOWN                 
1 85124U          21280.34014264  .00008579  00000+0  12661-2 0  9993
2 85124  82.2356 310.7841 0380111  12.8609 348.1945 14.36268935249132
UNKNOWN                 
1 85133U          21279.37328797  .00001125  00000+0  51283-3 0  9997
2 85133  98.8840 334.9153 0028268  39.9799 320.3453 14.23467539313077
UNKNOWN                 
1 85151U 86019    21277.80078481  .00001561  00000+0  52632-3 0  9992
2 85151  98.4993 111.8957 0015796 125.8035 234.4623 14.38335313257617
UNKNOWN                 
1 85159U          21279.96092418  .00002017  00000+0  10510-2 0  9996
2 85159  98.8328 182.5332 0082106 285.8377  73.3756 14.13988170282532
UNKNOWN                 
1 85175U          21278.86685714  .00003482  00000+0  74335-3 0  9992
2 85175 101.3715 152.9561 0149184 315.8682  43.0677 14.53201199400966
UNKNOWN                 
1 85205U          21279.54195786  .00000096  00000+0  83071-4 0  9993
2 85205  82.9604   8.8612 0035721 242.1363 130.7020 13.76425207396115
UNKNOWN                 
1 85210U 75052    21280.06677465  .00000498  00000+0  54064-3 0  9991
2 85210  99.7840  11.7194 0219885 264.9915 220.4930 13.68299249393038
UNKNOWN                 
1 85217U          21280.02206105  .00000391  00000+0  13438-3 0  9996
2 85217  97.9290 118.8034 0240627  21.0851 340.0049 14.25934431409485
UNKNOWN                 
1 85220U          21279.67389154  .00003324  00000+0  95513-3 0  9998
2 85220  99.4108  80.2379 0174069 105.2316 256.8186 14.37125249411419
UNKNOWN                 
1 85237U          21279.49339950  .00001663  00000+0  41816-3 0  9996
2 85237  65.5421 185.4544 0602793 349.9098   9.0283 13.80058563396212
UNKNOWN                 
1 85238U          21280.17495243 -.00000009  00000+0  26737-4 0  9992
2 85238  98.8773 245.7832 0064114  21.2748 350.0380 13.87950308398914
UNKNOWN                 
1 85246U          21280.27988076  .00000238  00000+0  10677-3 0  9991
2 85246  98.0679  43.6876 0240841  96.5893 266.2758 14.15515592406609
UNKNOWN                 
1 85266U          21279.84470821  .00006224  00000+0  52963-2 0  9992
2 85266  62.7554  95.3703 3622835 154.2314 229.5856  7.75213916221737
UNKNOWN                 
1 85283U 78098    21266.98152671  .00003172  00000+0  74233-3 0  9998
2 85283  99.7047 281.3443 0030824  84.8965 275.5745 14.55207494316709
UNKNOWN                 
1 85292U          21279.68527721  .00002281  00000+0  60772-3 0  9992
2 85292  65.8331  69.7729 0045397  46.3868 314.0984 14.49871705965068
UNKNOWN                 
1 85370U          21279.57041588  .00000385  00000+0  39321-3 0  9998
2 85370  99.9554  20.2357 0008720  69.6978 304.1211 13.83673105397465
UNKNOWN                 
1 85373U          21280.47065809  .00000660  00000+0  56079-3 0  9999
2 85373 100.4392 101.9908 0055664 264.3560 124.6455 13.91184588399261
UNKNOWN                 
1 85383U          21276.18926836  .00001611  00000+0  46417-3 0  9991
2 85383  98.6552   1.6692 0105354 294.0023  65.0166 14.42990619364121
UNKNOWN                 
1 85386U          21279.23786733  .00002471  00000+0  64886-3 0  9998
2 85386  98.6404  17.1067 0115265 221.9763 167.2085 14.46228070414951
UNKNOWN                 
1 85407U          21260.78039571  .00075067  00000-0  89827-3 0  9997
2 85407  41.5567  78.1546 0004620 272.7793  87.2497 15.59987710    92
UNKNOWN                 
1 87014U          21278.13736383  .00000762  00000+0  14087-2 0  9990
2 87014 100.4922 146.2126 0059689 310.1831 201.9782 13.42945587385043
UNKNOWN                 
1 87029U 99025    21278.42207783  .00000072  00000+0  75600-4 0  9994
2 87029  98.9241 339.7065 0081241 187.6397 172.3536 14.00121994378726
UNKNOWN                 
1 87042U 00055    21279.48022780  .00000543  00000+0  36880-3 0  9992
2 87042  98.8843 346.9208 0045417  60.9896 299.5811 14.03736312339341
UNKNOWN                 
1 87051U 76126    21280.36735045  .00000282  00000+0  13710-3 0  9995
2 87051  65.7309 261.7412 0751737 106.5993 261.8918 13.36045857383932
UNKNOWN                 
1 87054U 75052    21280.41790422  .00000400  00000+0  30677-3 0  9994
2 87054 100.0731 329.7472 0011831  87.1066 273.1449 14.00077319401933
UNKNOWN                 
1 87065U 99025    21274.07014180  .00000700  00000+0  90574-3 0  9992
2 87065  98.7125 321.9743 0338163 261.7925  94.4732 13.43967860310252
UNKNOWN                 
1 87071U 68097    21280.37051865  .00001637  00000+0  72787-3 0  9991
2 87071  61.2293  43.3928 0557775 226.3568 128.9906 13.65730838392693
UNKNOWN                 
1 87074U 77121    21280.21860279  .00000050  00000+0  13368-3 0  9990
2 87074  66.1451   1.3340 0144705  24.8373 335.9564 13.70134889393824
UNKNOWN                 
1 87079U          21280.27217589  .00017409  00000+0  16066-2 0  9996
2 87079  70.3199 230.2435 0027204 332.0656  27.9041 14.94392808425216
UNKNOWN                 
1 87091U          21277.51696578  .00018040  00000+0  89523-3 0  9993
2 87091  65.6980 306.3088 0152013 255.2406 103.1837 15.08171228427714
UNKNOWN                 
1 87107U          21275.60850310  .00168450  00000+0  52387-2 0  9993
2 87107  98.8977  38.1675 0009038 160.3879 199.7707 15.32576152380296
UNKNOWN                 
1 87113U 76126    21280.26760170  .00002295  00000+0  36661-3 0  9996
2 87113  65.6672 186.8892 0373522 284.0041 228.1747 14.36735776411520
UNKNOWN                 
1 87129U 76077    21280.38735364  .00000050  00000+0  70589-3 0  9992
2 87129 102.3484 329.3575 0030572  15.3762 344.8223 12.42043530356998
UNKNOWN                 
1 87159U          21279.51035012  .00000329  00000+0  40022-3 0  9992
2 87159  90.3083  18.1455 0121476  94.7632 266.7409 13.61049733348490
UNKNOWN                 
1 87163U 76126    21279.22790957  .00000317  00000+0  13170-3 0  9994
2 87163  65.6046 359.4530 0704920   9.9982 351.4279 13.50513902370282
UNKNOWN                 
1 87164U          21279.72052428  .00000934  00000+0  28476-3 0  9992
2 87164  65.2077   8.6365 0150594 327.0278  32.1487 14.40923680414614
UNKNOWN                 
1 87203U          21279.20672201  .00003217  00000+0  75315-3 0  9997
2 87203  98.8722 193.3157 0065399 319.2303  40.4008 14.54059995329719
UNKNOWN                 
1 87204U          21280.09563026  .00000663  00000+0  32324-3 0  9996
2 87204  98.6853 150.4964 0052274  87.0312 273.6845 14.20692742408006
UNKNOWN                 
1 87211U          21279.52157253  .00000596  00000+0  23435-3 0  9999
2 87211  99.0063 181.6840 0068512 326.3365 211.0344 14.31887065488239
UNKNOWN                 
1 87213U 99025    21279.65678445  .00007887  00000+0  10059-2 0  9998
2 87213  99.0437  76.8589 0062924 221.7658 137.8739 14.80418951335068
UNKNOWN                 
1 87214U 70025    21279.00475215  .00000262  00000+0  30181-3 0  9996
2 87214 100.3425 117.8177 0075570 207.4024 152.3129 13.78819939389263
UNKNOWN                 
1 87222U          21279.52149191  .00016961  00000+0  98117-3 0  9995
2 87222  98.9501 199.5361 0061633  55.7909 304.9136 15.10729438518249
UNKNOWN                 
1 87228U 99025    21279.27510843  .00002474  00000+0  89776-3 0  9999
2 87228  98.9300  36.2310 0044100 286.7796  72.8551 14.33737364384966
UNKNOWN                 
1 87235U          21279.20104319  .00000935  00000+0  36391-3 0  9997
2 87235  98.9415  56.2051 0151461 326.6045  32.5651 14.26244665367138
UNKNOWN                 
1 87237U 99025    21279.32635626  .00000079  00000+0  96331-4 0  9997
2 87237  99.4443 303.8153 0106998  78.2151 342.4615 13.89992009399312
UNKNOWN                 
1 87239U 81053    21280.27740384  .00001504  00000+0  62764-3 0  9991
2 87239  82.8819 263.3151 0032836  62.0110 298.4390 14.25382788408847
UNKNOWN                 
1 87245U 71015    21279.91957501  .00001606  00000+0  42514-3 0  9999
2 87245  65.6613  85.5779 0517402 136.9842 305.1976 13.93468235399981
UNKNOWN                 
1 87256U 99025    21279.44586511  .00000193  00000+0  14214-3 0  9995
2 87256  98.8723 348.3482 0041622  19.1754 341.0970 14.06385262368773
UNKNOWN                 
1 87271U 71015    21280.22445518  .00000933  00000+0  25148-3 0  9990
2 87271  65.7730 253.6177 0551751 124.2366 241.2255 13.88505558398294
UNKNOWN                 
1 87280U          21280.34739890  .00000149  00000+0  36196-3 0  9992
2 87280  64.6173  46.6585 0131651 260.8857  97.7266 13.46979776328022
UNKNOWN                 
1 87293U 71015    21280.37535123  .00001514  00000+0  41221-3 0  9998
2 87293  65.9098 145.2859 0515421  94.6490 271.3619 13.92776313399790
UNKNOWN                 
1 87300U 70025    21278.26508513  .00000458  00000+0  39173-3 0  9994
2 87300 100.1051  99.7595 0032719  24.0321 336.2355 13.92890266399796
UNKNOWN                 
1 87304U          21279.73446649  .00000294  00000+0  56553-4 0  9998
2 87304  74.0203  51.0392 0020114  45.5457 314.7354 14.68174461421802
UNKNOWN                 
1 87305U 93036    21279.03596136  .00002138  00000+0  41779-3 0  9992
2 87305  73.9956 289.7347 0031659  90.1485 270.3310 14.63232631249692
UNKNOWN                 
1 87320U 71015    21280.23654599  .00000337  00000+0  26933-3 0  9998
2 87320  66.5970  98.8419 0450800 299.9807  55.7228 13.62019870385232
UNKNOWN                 
1 87334U          21280.40995983  .00003342  00000+0  43853-2 0  9991
2 87334  89.9985 271.0327 0073642 194.3062 165.6010 13.60057355176697
UNKNOWN                 
1 87335U          21280.01853416  .00003026  00000+0  39268-2 0  9997
2 87335  89.9841 269.7159 0081019 181.5088 178.5837 13.60485880176697
UNKNOWN                 
1 87382U 93016    21280.14957099  .00030923  00000+0  43460-2 0  9999
2 87382  70.9701 184.0191 0004913 312.1946  47.8791 14.77242627331499
UNKNOWN                 
1 87397U 94029    21279.82339776  .00002834  00000+0  51317-3 0  9990
2 87397  81.2425 319.6498 0011264 258.6771 101.3165 14.66081547332319
UNKNOWN                 
1 87405U 81053    21279.46507605  .00000990  00000+0  79621-3 0  9990
2 87405  82.7594 175.7341 0058804  21.3338 339.0257 13.88857009398574
UNKNOWN                 
1 87410U 76077    21276.27114534  .00000843  00000+0  81333-2 0  9996
2 87410 102.2662 220.6706 0198681 286.5482  71.3830 12.19211490350170
UNKNOWN                 
1 87416U 81053    21279.17142423  .00001893  00000+0  77917-3 0  9992
2 87416  82.8378 187.2013 0017235 107.5112 252.7958 14.26405548390257
UNKNOWN                 
1 87423U 99057    21280.01797775  .00013438  00000+0  13042-2 0  9990
2 87423  98.8350 301.9616 0052207 115.6862 244.9757 14.91758048332980
UNKNOWN                 
1 87426U          21280.22838133  .00000869  00000+0  49438-3 0  9993
2 87426  65.8055  87.7081 0074270   8.0781 166.1527 14.13589258405758
UNKNOWN                 
1 87433U          21279.62547874  .00000695  00000+0  14442-2 0  9995
2 87433 100.2370  52.9770 0043659 321.1226  38.6761 13.35819487228242
UNKNOWN                 
1 87448U 70025    21279.81678214  .00000557  00000+0  53724-3 0  9993
2 87448 100.4690 289.1374 0067741 175.1924 184.9892 13.84254574397453
UNKNOWN                 
1 87456U 76126    21280.19977933  .00000826  00000+0  17926-3 0  9996
2 87456  65.7914  81.8227 0610656  56.3539 309.4256 13.86492000398098
UNKNOWN                 
1 87468U 93036    21280.35597325  .00003925  00000+0  47785-3 0  9998
2 87468  74.0179  43.6561 0066455 195.7896 164.1212 14.82210717252974
UNKNOWN                 
1 87491U 99025    21280.46154057  .00002718  00000+0  66529-3 0  9997
2 87491  98.6369 350.7595 0074183 161.9838 198.4011 14.51712156359852
UNKNOWN                 
1 87501U 93036    21278.21579575  .00004384  00000+0  13256-2 0  9990
2 87501  74.0341 202.6984 0023875 278.5860  81.2591 14.42495350247291
UNKNOWN                 
1 87517U 76126    21280.44523443  .00000973  00000+0  32721-3 0  9998
2 87517  65.8279 297.4439 0736998 313.6356 108.3904 13.45666988386451
UNKNOWN                 
1 87541U 70025    21280.46075572  .00000240  00000+0  55643-3 0  9999
2 87541  99.8789 176.8840 0060913 344.8509 194.1481 13.34896856378215
UNKNOWN                 
1 87553U 76126    21280.10202310  .00001207  00000+0  42830-3 0  9991
2 87553  65.6736  50.8837 0742520 183.8415 175.6733 13.41842062385564
UNKNOWN                 
1 87557U 73086    21280.29992100  .00001493  00000+0  42006-2 0  9991
2 87557 101.7295 295.6500 0075350 106.2264 254.7148 13.12927782363631
UNKNOWN                 
1 87561U 76077    21280.46673649  .00000000  00000+0  35049-3 0  9995
2 87561 102.1975 347.8112 0175694 199.9380 173.2246 12.32154134354330
UNKNOWN                 
1 87565U 99025    21280.37811122  .00000300  00000+0  20608-3 0  9995
2 87565  99.9686 116.6294 0182783 326.3022  32.6626 14.00431698402339
UNKNOWN                 
1 87569U 99025    21280.22648247 -.00000033  00000+0  74007-4 0  9996
2 87569 101.8100  29.6619 0055815  22.4752  91.4489 12.68472155364781
UNKNOWN                 
1 87587U 93036    21280.02847966  .00000035  00000+0  19968-4 0  9995
2 87587  74.0260  44.6298 0019791  90.9062 269.4359 14.38870477414008
UNKNOWN                 
1 87590U 99025    21279.39342942  .00000323  00000+0  21722-3 0  9995
2 87590  98.9741 318.6902 0026301 262.4537 111.9179 14.07629864940075
UNKNOWN                 
1 87616U 76067    21280.42792458  .00000372  00000+0  14904-2 0  9999
2 87616  66.0376 265.9728 0628293  68.4040  80.3062 12.44727824345999
UNKNOWN                 
1 87624U 99025    21279.07826518  .00000628  00000+0  15016-3 0  9991
2 87624  98.7849 121.7936 0128987 259.6158  99.0477 14.52708354357419
UNKNOWN                 
1 87642U          21278.67747798  .00006333  00000+0  37745-3 0  9995
2 87642  62.2257 268.6548 0144092 201.6319 157.8651 15.03878875917534
UNKNOWN                 
1 87650U          21280.37456697  .00001621  00000+0  65037-3 0  9999
2 87650 100.2863 128.8329 0052582 297.9244  61.6614 14.29290948967992
UNKNOWN                 
1 87656U          21279.16522419  .00003459  00000+0  80802-3 0  9994
2 87656  99.1331  39.0935 0016744 268.7819  91.1457 14.55339995777430
UNKNOWN                 
1 87664U 75052    21276.29777097  .00000146  00000+0  50601-3 0  9991
2 87664  99.7048 280.4612 0213659 240.3790 132.2161 13.06140228341375
UNKNOWN                 
1 87672U 93016    21280.31824459  .00000293  00000+0  16245-3 0  9992
2 87672  70.8633  35.3882 0062476  64.4568 296.2997 14.18371874407308
UNKNOWN                 
1 87681U          21280.20847260  .00000336  00000+0  44845-3 0  9991
2 87681  66.7362 102.4206 0157097  91.9644 269.9421 13.67000451392788
UNKNOWN                 
1 87690U 76126    21280.29697242  .00000749  00000+0  15541-3 0  9994
2 87690  65.7992 281.8811 0667662  90.0580 277.6941 13.77765559395552
UNKNOWN                 
1 87692U 92093    21280.37525134  .00094832  00000+0  46891-2 0  9993
2 87692  70.8508  32.6832 0007185 351.7470   8.3585 15.17304624423735
UNKNOWN                 
1 87706U          21280.31163451  .00000705  00000+0  18220-3 0  9992
2 87706  98.5310  38.4820 0135799 254.5258 132.2227 14.47930312356520
UNKNOWN                 
1 87725U 81053    21279.89506250  .00001434  00000+0  47298-3 0  9996
2 87725  82.8949 114.9302 0031298 229.9609 129.8835 14.37264421411928
UNKNOWN                 
1 87727U 92093    21280.36397573  .00006179  00000+0  11292-2 0  9999
2 87727  70.9802 146.3241 0004049  72.2329 287.9262 14.66285130417972
UNKNOWN                 
1 87730U          21280.29828534  .00000047  00000+0  34007-4 0  9997
2 87730  82.9405 283.9286 0028629 301.4080  58.4276 13.74176194375534
UNKNOWN                 
1 87737U 99025    21278.85800810 -.00000014  00000+0  32144-4 0  9990
2 87737  99.5975 145.6465 0133200 199.5182 160.0838 13.72008064394185
UNKNOWN                 
1 87764U 76126    21280.30410802  .00000613  00000+0  16430-3 0  9991
2 87764  65.6739 286.5614 0477678 114.8959 264.8131 14.04236100402820
UNKNOWN                 
1 87771U 75052    21280.24544622  .00000004  00000+0  12260-3 0  9998
2 87771 100.6463  66.3667 0120058 225.5858 133.5379 13.19029546333670
UNKNOWN                 
1 87782U 73086    21280.30934171  .00001169  00000+0  45962-2 0  9991
2 87782 102.3428 304.1730 0064762  68.7563 292.0429 12.90569968370308
UNKNOWN                 
1 87817U 68097    21279.48872650  .00006773  00000+0  40702-3 0  9990
2 87817  62.7656 352.6961 0183693  23.9717 336.9796 14.98743079456680
UNKNOWN                 
1 87818U          21277.74663606  .00039692  00000+0  79851-2 0  9999
2 87818  61.9292  52.7243 3804282 213.8121 114.9196  7.66241470164415
UNKNOWN                 
1 87843U 70025    21276.37421139  .00000422  00000+0  11313-2 0  9990
2 87843  99.6892 145.3214 0254601 332.1531  26.6146 13.10184441363230
UNKNOWN                 
1 87845U          21277.91910354 -.00000024  00000+0  97143-5 0  9998
2 87845  98.8659 160.6649 0586562 161.1413 201.2443 12.84346376368535
UNKNOWN                 
1 87878U          21277.83090486  .00000702  00000+0  29484-3 0  9993
2 87878  99.2348 284.8654 0042807  27.2344 333.1068 14.28849256392158
UNKNOWN                 
1 87883U 99025    21276.95194753  .00000296  00000+0  12538-3 0  9998
2 87883  99.2415 160.9730 0298348 356.2295   3.6629 14.12107012356074
UNKNOWN                 
1 87884U 99025    21280.38291698 -.00000153  00000+0 -63568-4 0  9991
2 87884  98.5713  70.7152 0157896  48.7979 312.6680 14.04418215403881
UNKNOWN                 
1 87898U 99025    21279.82514892  .00001838  00000+0  67847-3 0  9999
2 87898  98.9099 136.9559 0136426  43.1955 317.9830 14.28687540409158
UNKNOWN                 
1 87934U          21275.55541935  .00000048  00000+0  36327-4 0  9991
2 87934  82.9406 351.7085 0030079 336.9330  87.7702 13.72797680394071
UNKNOWN                 
1 87942U          21279.57728802  .00003491  00000+0  37507-3 0  9991
2 87942  99.0523 212.3140 0144271 315.9815 220.0896 14.82038423418593
UNKNOWN                 
1 87970U          21278.05032741  .00154856  00000+0  33489-2 0  9990
2 87970  99.0107 205.3721 0011883 264.0670  95.9218 15.43818047378064
UNKNOWN                 
1 87972U 99025    21280.02915681  .00003343  00000+0  12019-2 0  9990
2 87972  98.8088 200.5807 0165219 169.5427 190.9259 14.27129229357083
UNKNOWN                 
1 87991U 77065    21280.34473347  .00003831  00000+0  74354-2 0  9996
2 87991  28.6226 161.2221 0929323 113.4101 256.6830 12.29763415334556
UNKNOWN                 
1 87998U 99025    21277.40268673  .00000365  00000+0  23893-3 0  9992
2 87998  98.7267 322.6291 0026686 263.8431  95.9699 14.07993554333320
UNKNOWN                 
1 88304U          21272.58303649  .00003000  00000-0  17133-3 0  9996
2 88304  97.4437  39.8342 0010561 276.3074  83.6954 15.13439657 14486
UNKNOWN                 
1 89003U          21279.41471296  .00000071  00000+0  34395-4 0  9990
2 89003  74.0454 295.1839 0015960   5.2008 354.9306 14.34696740412279
UNKNOWN                 
1 89005U          21279.50353361  .00000944  00000+0  26526-3 0  9999
2 89005  97.9605 204.1222 0222911 358.2538   1.7847 14.34537622314310
UNKNOWN                 
1 89029U          21280.03448888  .00000584  00000+0  86870-4 0  9993
2 89029  98.2340 127.1731 0029626 243.2868 116.5309 14.78618115424452
UNKNOWN                 
1 89037U          21280.17845473  .00000671  00000+0  42059-3 0  9995
2 89037  98.4274 253.2320 0137464 178.3280 181.8375 14.03017395307505
UNKNOWN                 
1 89048U          21279.37047617  .00006194  00000+0  13866-2 0  9990
2 89048  98.9820 148.9277 0023833 336.0317  23.9767 14.56889027415449
UNKNOWN                 
1 89067U          21280.41236074  .00009605  00000+0  31274-3 0  9999
2 89067  80.9899 165.5226 0591237 296.5206  57.6520 14.40788574360797
UNKNOWN                 
1 89074U          21279.30017323  .00001578  00000+0  19036-2 0  9999
2 89074 100.2990 289.5031 0053320 277.6597  95.5642 13.67783226379729
UNKNOWN                 
1 89101U          21279.74366079 -.00000451  00000+0 -12216-2 0  9997
2 89101 100.2701 257.3810 0147258 283.8017  74.6740 13.03631736355727
UNKNOWN                 
1 89123U          21279.19523626  .00001673  00000+0  83006-3 0  9994
2 89123  99.0667  10.3628 0062207 293.4224  66.0417 14.17606712310075
UNKNOWN                 
1 89127U          21276.29084434  .00005665  00000+0  60419-3 0  9993
2 89127  74.0696 135.2242 0043308 214.5635 145.2730 14.88397537264261
UNKNOWN                 
1 89132U          21280.23178259  .00002957  00000+0  27172-2 0  9996
2 89132  63.4051   5.7550 3064257 319.6519  21.2552  8.72492033190844
UNKNOWN                 
1 89135U          21277.78652208  .00001244  00000+0  62766-3 0  9993
2 89135  71.0652 297.7114 0133448  57.8815 303.5177 14.13647197405241
UNKNOWN                 
1 89140U          21280.09426503  .00022961  00000+0  61064-2 0  9992
2 89140  99.0869 336.0083 0006389 353.1503   6.9600 14.48524669269876
UNKNOWN                 
1 89146U          21279.27022934  .00000634  00000+0  16794-3 0  9990
2 89146  98.1622 216.8992 0120938  91.6364 269.8686 14.47740849406842
UNKNOWN                 
1 89158U          21279.87947758  .00007642  00000+0  82652-3 0  9991
2 89158  98.8478 312.7203 0090855  98.4659 262.6863 14.85601213263918
UNKNOWN                 
1 89161U          21280.35880873  .00001312  00000+0  18917-3 0  9995
2 89161  97.7631 314.4858 0135210  81.4320 280.2181 14.71811345321253
UNKNOWN                 
1 89171U          21278.26836757  .00012155  00000+0  10533-2 0  9997
2 89171  99.0322 111.1269 0055867 161.5791 198.7466 14.96079274325735
UNKNOWN                 
1 89172U 81053    21280.40271752  .00001364  00000+0  33111-3 0  9990
2 89172  82.0792 163.1285 0418621 137.3189 226.1325 14.10181911384572
UNKNOWN                 
1 89177U          21278.41630917  .00000065  00000+0  53112-4 0  9999
2 89177  82.9210 322.6509 0033855  77.3108 283.1829 13.73403660853027
UNKNOWN                 
1 89183U          21280.26997265  .00000181  00000+0  20587-3 0  9992
2 89183  99.1898 209.3183 0132487 252.9568 105.7034 13.79157720396261
UNKNOWN                 
1 89184U          21279.77199022  .00001481  00000+0  49175-3 0  9990
2 89184  98.4880 113.8738 0019053 123.2018 237.0999 14.39121019270374
UNKNOWN                 
1 89195U          21279.95095212  .00000977  00000+0  44325-3 0  9999
2 89195  98.7927 342.4697 0029734 359.4542   0.6599 14.23978885309622
UNKNOWN                 
1 89206U          21280.00685398  .00001578  00000+0  68650-3 0  9995
2 89206  98.7256 301.7412 0028005 307.0763  52.7856 14.25291333267778
UNKNOWN                 
1 89213U          21280.05219394  .00000201  00000+0  16133-3 0  9998
2 89213  98.8700 204.4013 0233968 341.5449  17.7326 13.89105922240419
UNKNOWN                 
1 89218U          21280.34786074  .00000293  00000+0  32045-3 0  9990
2 89218 100.3649  65.1240 0103324 336.8106  22.8398 13.79942215382605
UNKNOWN                 
1 89255U          21280.34758885  .00000706  00000+0  96146-3 0  9991
2 89255  98.6443 241.9651 0367398   1.5755 358.6446 13.37386467290737
UNKNOWN                 
1 89261U          21279.07357913  .00000191  00000+0  74931-4 0  9990
2 89261  98.2414 320.2829 0014844 102.9910 257.2937 14.39197394313704
UNKNOWN                 
1 89281U          21279.21273847  .00002523  00000+0  74961-3 0  9994
2 89281  99.3263  13.7399 0014952  28.4368   2.1077 14.44155954413283
UNKNOWN                 
1 89285U          21280.25717219  .00356234  14212-4  99847-2 0  9995
2 89285  62.9025 154.7170 1646915  99.3174 279.7016 12.19206725186785
UNKNOWN                 
1 89304U          21280.00419309  .00000975  00000+0  68209-2 0  9990
2 89304  85.0144 105.6614 2612460  73.4349  28.1124  8.85817200302240
UNKNOWN                 
1 89314U          21279.56378574  .00002956  00000+0  34808-2 0  9997
2 89314  18.9624 110.8865 7167720 150.8723 282.6631  2.37559984 50973
UNKNOWN                 
1 89327U          21277.29767246 -.00000003  00000+0 -15993-4 0  9996
2 89327  82.5426 123.8392 0009387 138.2981 221.8898 13.86362806262264
UNKNOWN                 
1 89341U          21265.05903837  .00267371  00000+0  13633-2 0  9999
2 89341  98.1709 298.8394 0005898 183.6341 176.4883 15.80646058384094
UNKNOWN                 
1 89347U          21279.97493875  .00012244  00000+0  22435-2 0  9994
2 89347  86.2792 284.7233 0050528  14.1684 346.0931 14.64878274273627
UNKNOWN                 
1 89349U          21280.09357765 -.00000171  00000+0 -63055-3 0  9990
2 89349  90.2751 331.9744 0028975 319.6057  40.2911 12.95525456280902
UNKNOWN                 
1 89379U          21279.68292021  .00002598  00000+0  42631-2 0  9998
2 89379 100.5501 178.8551 0043761 246.5477 113.1050 13.48091721373955
UNKNOWN                 
1 89381U          21280.22158450  .00015081  00000+0  25987-2 0  9996
2 89381  98.7573  68.5721 0074470 207.3085 152.4194 14.66801365252135
UNKNOWN                 
1 89389U          21278.08888289  .00002730  00000+0  41258-3 0  9992
2 89389  74.0509 207.9973 0083434 285.8465  73.3522 14.72455410316860
UNKNOWN                 
1 89390U          21276.86054397  .00016216  00000+0  14522-2 0  9990
2 89390  98.9720  65.6141 0037796 141.8528 218.5375 14.95371838405188
UNKNOWN                 
1 89391U          21280.42984757  .00004590  00000+0  42320-3 0  9990
2 89391  97.4188  81.9268 0202818 122.3317 239.7714 14.80723710199211
UNKNOWN                 
1 89395U          21279.02775571  .00000386  00000+0  48563-2 0  9993
2 89395 102.3599 317.7661 0224830 209.7728 181.2272 12.01142662341174
UNKNOWN                 
1 89400U          21275.85860569 -.00000257  00000+0 -17249-1 0  9994
2 89400  63.1490  88.6589 2304497 100.2506 286.4027  8.16226290223735
UNKNOWN                 
1 89403U          21280.38255387  .00000450  00000+0  15416-2 0  9995
2 89403  90.2741 330.3658 0023320 307.2931  66.5890 12.96721310279758
UNKNOWN                 
1 89438U          21277.88062809  .00039879  00000+0  24286-2 0  9991
2 89438  86.3744 250.9894 0013329 142.1010 218.1168 15.10151578318407
UNKNOWN                 
1 89453U          21280.46071030  .00003514  00000+0  24771-3 0  9999
2 89453  97.2693  96.3047 0144489 301.4757  57.2412 14.97508451278162
UNKNOWN                 
1 89460U          21279.62656383  .00000531  00000+0  11345-2 0  9991
2 89460 100.2887  53.5458 0050584 326.7357  33.0591 13.35110820229008
UNKNOWN                 
1 89483U          21279.27636149  .00003075  00000+0  34007-3 0  9992
2 89483  99.5006 275.2409 0266492  50.6516 311.7973 14.65856247272554
UNKNOWN                 
1 89484U          21280.36559839  .00007484  00000+0  10751+0 0  9999
2 89484  85.1607 161.2280 2431589 121.0766 265.1510  8.84091346219035
UNKNOWN                 
1 89490U          21280.20219368  .00002648  00000+0  12747-2 0  9996
2 89490  98.3779 258.4000 0134146  19.2799 341.3382 14.14930280263052
UNKNOWN                 
1 89492U          21277.54854846  .00000773  00000+0  57131-3 0  9991
2 89492  82.5318 221.1179 0028772  37.6530 322.6642 13.94023067353779
UNKNOWN                 
1 89493U          21279.88455591  .00000864  00000+0  53171-3 0  9996
2 89493  99.1403 313.0023 0091706   4.5359 355.6619 14.06271378248606
UNKNOWN                 
1 89494U          21280.03925531  .00000721  00000+0  44828-3 0  9993
2 89494  99.1403 313.1603 0092309   4.1220 356.0688 14.06251308248483
UNKNOWN                 
1 89496U          21277.06698809  .00006187  00000+0  76877-3 0  9990
2 89496  98.8903 318.1807 0092223 185.5993 174.4194 14.79998593252633
