CHINASAT 9B             
1 49125U 21080A   21280.90871358 -.00000314  00000-0  00000-0 0  9995
2 49125   0.0366 259.2314 0003863 279.0085 267.0967  1.00269905   464
CZ-3B R/B               
1 49126U 21080B   21280.60057181  .00017416 -19262-6  10519-2 0  9998
2 49126  24.6524 152.1765 7209638 198.4021 108.3105  2.40313053   508
COSMOS 2551             
1 49127U 21082A   21280.79691025  .00460241  98154-4  72593-3 0  9995
2 49127  96.3480   8.0572 0009603 216.2876 143.7756 16.03809836  4468
SL-4 R/B                
1 49128U 21081B   21280.77982870  .00109178  62172-5  27526-3 0  9991
2 49128  96.3452   7.9633 0012117 164.7485 195.4161 15.95508300  4456
STARLINK-3096           
1 49131U 21082B   21280.91667824 -.00090695  00000-0 -76484-3 0  9990
2 49131  70.0019  60.0240 0003466 281.1174 193.3489 15.69790979  3835
STARLINK-3090           
1 49132U 21082C   21280.91667824 -.00087362  00000-0 -73630-3 0  9998
2 49132  70.0016  60.0268 0003488 283.6655 188.6916 15.69793302  3833
STARLINK-3077           
1 49133U 21082D   21280.91667824 -.00096915  00000-0 -81771-3 0  9998
2 49133  70.0020  60.0225 0003473 284.1560 192.4738 15.69800167  3694
STARLINK-3078           
1 49134U 21082E   21280.91667824 -.00078446  00000-0 -66046-3 0  9996
2 49134  70.0021  60.0122 0003463 285.5562 199.5587 15.69786689  5030
STARLINK-3073           
1 49135U 21082F   21280.91667824 -.00075155  00000-0 -63246-3 0  9990
2 49135  70.0021  60.0162 0003383 285.5280 195.3264 15.69785923  3835
STARLINK-3084           
1 49136U 21082G   21280.91667824 -.00087154  00000-0 -73451-3 0  9992
2 49136  70.0018  60.0196 0003431 280.9929 197.7657 15.69794254  3695
STARLINK-3055           
1 49137U 21082H   21280.91667824 -.00088892  00000-0 -74930-3 0  9996
2 49137  70.0021  60.0139 0003708 284.1381 198.8447 15.69794031  3830
STARLINK-3058           
1 49138U 21082J   21280.91667824 -.00083865  00000-0 -70648-3 0  9994
2 49138  70.0007  60.0071 0003555 285.4993 203.8613 15.69792367  3835
STARLINK-3057           
1 49139U 21082K   21280.91667824 -.00073001  00000-0 -61437-3 0  9992
2 49139  70.0016  60.0082 0003579 285.7405 201.5178 15.69775434  3832
STARLINK-3118           
1 49140U 21082L   21280.91667824 -.00097603  00000-0 -82325-3 0  9997
2 49140  70.0015  60.0026 0003470 284.6310 208.9666 15.69810423  3835
STARLINK-3093           
1 49141U 21082M   21280.91667824 -.00095108  00000-0 -80304-3 0  9991
2 49141  70.0009  60.0035 0003505 280.8148 210.7170 15.69776542  3693
STARLINK-3042           
1 49142U 21082N   21280.91667824 -.00111921  00000-0 -94598-3 0  9994
2 49142  70.0008  59.9998 0003627 286.1115 209.6327 15.69806833  3694
STARLINK-3109           
1 49143U 21082P   21280.91667824 -.00151683  00000-0 -12878-2 0  9994
2 49143  70.0008  59.9978 0003580 283.4895 214.4005 15.69824826  3831
STARLINK-3100           
1 49144U 21082Q   21280.91667824 -.00085571  00000-0 -72094-3 0  9994
2 49144  70.0012  59.9919 0003614 284.4782 217.6568 15.69795256  3839
STARLINK-3119           
1 49145U 21082R   21280.91667824 -.00086928  00000-0 -73269-3 0  9997
2 49145  70.0014  59.9882 0003732 282.2813 224.0948 15.69788809  3833
STARLINK-3116           
1 49146U 21082S   21280.91667824 -.00134709  00000-0 -11420-2 0  9999
2 49146  70.0021  59.9898 0003458 284.5072 219.7720 15.69808559  5001
STARLINK-3071           
1 49147U 21082T   21280.91667824 -.00035782  00000-0 -29925-3 0  9991
2 49147  70.0014  59.9955 0003556 284.2065 215.8466 15.69747578  5003
STARLINK-3048           
1 49148U 21082U   21280.91667824 -.00094256  00000-0 -79524-3 0  9993
2 49148  70.0005  59.9836 0003559 285.1821 225.4678 15.69791528  3694
STARLINK-3053           
1 49149U 21082V   21280.91667824 -.00114858  00000-0 -97154-3 0  9994
2 49149  70.0013  59.9855 0003534 284.9742 223.5548 15.69798805  3697
STARLINK-3104           
1 49150U 21082W   21280.58334491 -.00012935  00000-0 -10662-3 0  9992
2 49150  70.0021  60.9141 0003599 279.7799 151.9737 15.69776325  4994
STARLINK-3102           
1 49151U 21082X   21280.91667824 -.00073447  00000-0 -61819-3 0  9994
2 49151  70.0018  59.9795 0003445 284.9447 227.8393 15.69775255  3690
STARLINK-3081           
1 49152U 21082Y   21280.91667824 -.00098616  00000-0 -83247-3 0  9999
2 49152  70.0020  59.9700 0003502 286.8389 234.4536 15.69794060  3698
STARLINK-3072           
1 49153U 21082Z   21280.91667824 -.00178747  00000-0 -15220-2 0  9999
2 49153  70.0007  59.9756 0003580 281.4780 235.5453 15.69836834  3839
STARLINK-3068           
1 49154U 21082AA  21280.91667824 -.00012767  00000-0 -10542-3 0  9992
2 49154  70.0009  59.9673 0003459 286.9469 236.4857 15.69728929  3696
STARLINK-3060           
1 49155U 21082AB  21280.91667824 -.00092135  00000-0 -77717-3 0  9997
2 49155  70.0016  59.9711 0003564 281.1214 238.0103 15.69789729  3697
STARLINK-3085           
1 49156U 21082AC  21280.91667824 -.00091752  00000-0 -77373-3 0  9990
2 49156  70.0017  59.9587 0003582 284.1493 245.6184 15.69794876  4910
STARLINK-3051           
1 49157U 21082AD  21280.91667824 -.00136653  00000-0 -11578-2 0  9995
2 49157  70.0006  59.9654 0003594 283.8175 241.7708 15.69828078  4933
STARLINK-3083           
1 49158U 21082AE  21280.91667824 -.00043967  00000-0 -36729-3 0  9997
2 49158  70.0006  59.9545 0003300 289.4477 244.6556 15.69825798  4934
STARLINK-3056           
1 49159U 21082AF  21280.91667824 -.00130080  00000-0 -11012-2 0  9998
2 49159  70.0021  59.9625 0003677 283.9856 243.6271 15.69826853  3696
STARLINK-3095           
1 49160U 21082AG  21280.91667824 -.00127478  00000-0 -10798-2 0  9997
2 49160  70.0017  59.9513 0003618 284.5909 251.6117 15.69804891  4912
STARLINK-3080           
1 49161U 21082AH  21280.91667824 -.00111557  00000-0 -94290-3 0  9999
2 49161  70.0019  59.9574 0003696 286.3541 245.5349 15.69805303  4918
STARLINK-3082           
1 49162U 21082AJ  21280.91667824 -.00076662  00000-0 -64532-3 0  9993
2 49162  70.0020  59.9467 0003460 282.0873 258.3348 15.69784711  5003
STARLINK-3088           
1 49163U 21082AK  21280.91667824 -.00086263  00000-0 -72698-3 0  9994
2 49163  70.0021  59.9492 0003462 284.1137 254.2030 15.69791757  3695
STARLINK-3106           
1 49164U 21082AL  21280.91667824 -.00128444  00000-0 -10878-2 0  9994
2 49164  70.0018  59.9362 0003543 282.9633 265.9698 15.69812530  5004
STARLINK-3052           
1 49165U 21082AM  21280.91667824 -.00088639  00000-0 -74733-3 0  9997
2 49165  70.0019  59.9446 0003447 282.6683 259.8903 15.69789528  3698
STARLINK-3089           
1 49166U 21082AN  21280.91667824 -.00072198  00000-0 -60748-3 0  9992
2 49166  70.0016  59.9387 0003359 279.6963 267.1260 15.69778853  3696
STARLINK-3054           
1 49167U 21082AP  21280.91667824 -.00076953  00000-0 -64773-3 0  9998
2 49167  70.0020  59.9416 0003575 285.8308 258.8421 15.69786621  5046
STARLINK-3101           
1 49168U 21082AQ  21280.91667824 -.00071771  00000-0 -60398-3 0  9991
2 49168  70.0012  59.9298 0003527 282.4183 272.9458 15.69772503  5048
STARLINK-3046           
1 49169U 21082AR  21280.91667824 -.00127816  00000-0 -10826-2 0  9994
2 49169  70.0019  59.9336 0003478 283.2445 267.8248 15.69808308  3696
STARLINK-3074           
1 49170U 21082AS  21280.91667824 -.00162775  00000-0 -13831-2 0  9998
2 49170  70.0004  59.9221 0003570 281.7872 279.9503 15.69839139  3846
STARLINK-3107           
1 49171U 21082AT  21280.91667824  .00015647  00000-0  13245-3 0  9992
2 49171  70.0014  59.9324 0003484 281.7159 271.2569 15.69776909  4993
STARLINK-3091           
1 49172U 21082AU  21280.91667824 -.00137296  00000-0 -11640-2 0  9996
2 49172  70.0019  59.9187 0003738 279.8970 283.9169 15.69813438  3698
STARLINK-3045           
1 49173U 21082AV  21280.91667824 -.00091827  00000-0 -77467-3 0  9996
2 49173  70.0018  59.6091 0003694 283.9052 186.3386 15.69784702  3842
STARLINK-3047           
1 49174U 21082AW  21280.91667824 -.00091048  00000-0 -76747-3 0  9992
2 49174  70.0005  59.9247 0003740 280.7701 278.8557 15.69801661  5015
STARLINK-3087           
1 49175U 21082AX  21280.91667824 -.00102725  00000-0 -86719-3 0  9998
2 49175  70.0021  59.9173 0003703 281.1832 284.7586 15.69805558  3847
STARLINK-3069           
1 49176U 21082AY  21280.91667824 -.00125202  00000-0 -10600-2 0  9999
2 49176  70.0013  59.9064 0003594 283.3258 291.1203 15.69809563  3840
STARLINK-3103           
1 49177U 21082AZ  21280.91667824 -.00005265  00000-0 -42428-4 0  9991
2 49177  70.0007  59.9152 0003522 283.5826 284.5424 15.69708448  5041
STARLINK-3086           
1 49178U 21082BA  21280.91667824 -.00106737  00000-0 -90600-3 0  9992
2 49178  70.0010  59.9100 0003096 279.3969 293.0081 15.69690440  5008
STARLINK-3043           
1 49179U 21082BB  21280.91667824 -.00077515  00000-0 -65259-3 0  9996
2 49179  70.0016  59.9110 0003480 280.5445 289.6342 15.69784289  3842
STARLINK-3050           
1 49180U 21082BC  21280.91667824 -.00136844  00000-0 -11639-2 0  9991
2 49180  70.0008  59.9043 0003215 281.1365 295.4932 15.69737635  5018
STARLINK-3059           
1 49181U 21082BD  21280.91667824 -.00083067  00000-0 -69966-3 0  9997
2 49181  70.0020  59.9009 0003740 282.6622 296.0345 15.69791815  3697
ONEWEB-0292             
1 49186U 21083A   21280.91667824 -.01030560  00000-0 -70470-1 0  9994
2 49186  87.2791 320.0412 0018580 218.5989 190.3722 15.09195097  4824
ONEWEB-0303             
1 49187U 21083B   21280.91667824 -.01079775  00000-0 -77432-1 0  9991
2 49187  87.4543 320.2382 0016915 220.5904 241.0262 15.07147788  3611
ONEWEB-0306             
1 49188U 21083C   21280.91667824 -.01092608  00000-0 -73899-1 0  9995
2 49188  87.4576 320.2163 0020264 214.6859  38.5867 15.09249492  4810
ONEWEB-0307             
1 49189U 21083D   21280.91667824 -.01033797  00000-0 -72391-1 0  9996
2 49189  87.2769 320.0479 0016451 212.2297 104.0246 15.07909765  4829
ONEWEB-0320             
1 49190U 21083E   21280.91667824 -.01097910  00000-0 -79669-1 0  9990
2 49190  87.4546 320.2369 0016700 217.5942 208.9019 15.06764389  4808
ONEWEB-0321             
1 49191U 21083F   21280.91667824 -.01020939  00000-0 -67850-1 0  9997
2 49191  87.2814 320.0364 0019388 217.3462 240.9432 15.10180832  4825
ONEWEB-0322             
1 49192U 21083G   21280.91667824 -.01048185  00000-0 -70703-1 0  9992
2 49192  87.2805 320.0404 0017688 220.9894 181.6680 15.09287694  4829
ONEWEB-0324             
1 49193U 21083H   21280.91667824 -.01076181  00000-0 -77196-1 0  9993
2 49193  87.4555 320.2255 0018948 220.5021 285.3800 15.07088054  3617
ONEWEB-0325             
1 49194U 21083J   21280.91667824 -.01096740  00000-0 -79734-1 0  9997
2 49194  87.4498 320.2284 0017176 216.4091 223.5008 15.06683061  3611
ONEWEB-0326             
1 49195U 21083K   21280.91667824 -.01097341  00000-0 -74594-1 0  9995
2 49195  87.4504 320.2097 0020576 211.6959  42.4428 15.09071707  4818
ONEWEB-0327             
1 49196U 21083L   21280.91667824 -.01041464  00000-0 -75363-1 0  9996
2 49196  87.4686 320.2311 0020194 216.8926 302.3522 15.06649608  4817
ONEWEB-0328             
1 49197U 21083M   21280.91667824 -.01045563  00000-0 -71069-1 0  9990
2 49197  87.2792 320.0408 0017012 218.6699 163.0592 15.09015243  4826
ONEWEB-0331             
1 49198U 21083N   21280.91667824 -.01179377  00000-0 -80423-1 0  9996
2 49198  87.3950 320.1989 0019933 220.4230 337.1702 15.09181608  4810
ONEWEB-0333             
1 49199U 21083P   21280.91667824 -.01043072  00000-0 -71884-1 0  9990
2 49199  87.2808 320.0515 0016524 218.2515 144.4599 15.08515624  4822
ONEWEB-0334             
1 49200U 21083Q   21280.91667824 -.01031106  00000-0 -67629-1 0  9990
2 49200  87.2790 320.0216 0019577 208.8541 300.7268 15.10682038  4836
ONEWEB-0335             
1 49201U 21083R   21280.91667824 -.01028819  00000-0 -74996-1 0  9993
2 49201  87.2745 320.0629 0019496 208.5943   2.7796 15.06361152  4828
ONEWEB-0336             
1 49202U 21083S   21280.91667824 -.01035312  00000-0 -74005-1 0  9991
2 49202  87.2750 320.0556 0017495 206.7188  58.1711 15.07139193  4823
ONEWEB-0337             
1 49203U 21083T   21280.91667824 -.01002036  00000-0 -73746-1 0  9990
2 49203  87.2729 320.0594 0019817 209.3713 345.1386 15.06393615  4822
ONEWEB-0338             
1 49204U 21083U   21280.91667824 -.01034763  00000-0 -70405-1 0  9992
2 49204  87.2795 320.0365 0019092 217.4166 208.3834 15.09378059  4825
ONEWEB-0339             
1 49205U 21083V   21280.91667824 -.01044401  00000-0 -73294-1 0  9992
2 49205  87.2765 320.0473 0017324 210.6660  86.2362 15.07840670  4823
ONEWEB-0340             
1 49206U 21083W   21280.91667824 -.01091681  00000-0 -76556-1 0  9999
2 49206  87.4500 320.2236 0017227 220.4001 275.6829 15.07991691  4813
ONEWEB-0341             
1 49207U 21083X   21280.91667824 -.01095932  00000-0 -77422-1 0  9996
2 49207  87.4521 320.2222 0018495 220.7343 298.4610 15.07708261  4812
ONEWEB-0342             
1 49208U 21083Y   21280.91667824 -.01024050  00000-0 -66201-1 0  9993
2 49208  87.2832 320.0297 0019844 205.6918 322.4973 15.11175541  4831
ONEWEB-0343             
1 49209U 21083Z   21280.91667824 -.01094333  00000-0 -73428-1 0  9994
2 49209  87.4092 320.2183 0020397 214.7832  25.9917 15.09540097  4819
ONEWEB-0344             
1 49210U 21083AA  21280.91667824 -.01046208  00000-0 -76273-1 0  9995
2 49210  87.2706 320.0539 0019105 207.8838  14.5045 15.06409984  4821
ONEWEB-0345             
1 49211U 21083AB  21280.91667824 -.01040085  00000-0 -74624-1 0  9991
2 49211  87.2745 320.0571 0018566 208.7014  35.1345 15.06993536  4820
ONEWEB-0346             
1 49212U 21083AC  21280.91667824 -.01094113  00000-0 -78474-1 0  9990
2 49212  87.4552 320.2288 0017803 221.9244 260.2529 15.07161595  4818
ONEWEB-0348             
1 49213U 21083AD  21280.91667824 -.01011362  00000-0 -65549-1 0  9995
2 49213  87.2853 320.0380 0019707 210.5261 286.5149 15.11048524  4832
ONEWEB-0350             
1 49214U 21083AE  21280.91667824 -.01049349  00000-0 -73754-1 0  9999
2 49214  87.2773 320.0504 0016172 214.6036 106.0584 15.07818912  4829
ONEWEB-0351             
1 49215U 21083AF  21280.91667824 -.01019390  00000-0 -64447-1 0  9992
2 49215  87.2822 320.0197 0017444 199.3620  39.6232 15.12011713  4847
ONEWEB-0352             
1 49216U 21083AG  21280.91667824 -.01053174  00000-0 -74623-1 0  9998
2 49216  87.2766 320.0556 0016875 211.6486  86.6641 15.07519986  4822
ONEWEB-0354             
1 49217U 21083AH  21280.91667824 -.01006714  00000-0 -57272-1 0  9998
2 49217  87.3011 320.0266 0018196 201.2135 157.8787 15.15695223  4841
ONEWEB-0355             
1 49218U 21083AJ  21280.91667824 -.01049863  00000-0 -72658-1 0  9996
2 49218  87.2764 320.0396 0016160 217.0450 128.7403 15.08385784  4824
ONEWEB-0357             
1 49219U 21083AK  21280.91667824 -.01033388  00000-0 -68420-1 0  9994
2 49219  87.2802 320.0297 0019042 213.8607 269.2823 15.10361180  4822
SZ-12 MODULE            
1 49221U 21053C   21280.62457483  .00009251  00000-0  11370-3 0  9993
2 49221  41.5567 317.6779 0003541  68.4278 291.6939 15.60339662  3188
TIANZHOU-3              
1 49222U 21085A   21280.47867742  .00005167  00000-0  62612-4 0  9993
2 49222  41.4701 318.1549 0000471 190.2409 169.8421 15.61446691  2664
CZ-7 R/B                
1 49223U 21085B   21277.59154609  .10296228  83179-5  25774-3 0  9995
2 49223  41.4444 328.6654 0024664 289.9620 197.5110 16.43289341  2305
INSPIRATION4 DEB        
1 49248U 21084B   21280.87305050  .00042280  00000-0  35501-3 0  9996
2 49248  51.6438 140.6539 0006663 350.4331   9.6538 15.69446676  2988
JILIN-01 GAOFEN 2D      
1 49256U 21086A   21280.94050689  .00000914  00000-0  61397-4 0  9991
2 49256  97.5405  26.6268 0010758 227.8834 268.1950 15.09224762  1610
KZ-1A R/B               
1 49257U 21086B   21280.80169937  .02709682  24507-5  61322-3 0  9994
2 49257  97.4908  27.6011 0162756  43.9100 318.0390 16.03621341  1650
SHIYAN 10 (SY-10)       
1 49258U 21087A   21280.73267867  .00002257 -92295-6  13696-3 0  9993
2 49258  51.0817  77.0567 7529471 226.8136 304.8176  2.01080460   232
CZ-3B R/B               
1 49259U 21087B   21280.23264701  .00005159  00000-0  61525-3 0  9997
2 49259  51.3967  76.8689 7492315 227.0666  39.7049  2.03818884   235
LANDSAT 9               
1 49260U 21088A   21281.12190455  .00000317  00000-0  69443-4 0  9992
2 49260  98.2181 349.7262 0011105 252.6558 107.3444 14.64254069  1517
2021-088B               
1 49261U 21088B   21280.74218264  .00001113  00000-0  93069-4 0  9995
2 49261  97.6252 348.5802 0022625 217.3191 142.6471 15.00342701  1487
2021-088C               
1 49262U 21088C   21280.74104842  .00001578  00000-0  12935-3 0  9999
2 49262  97.6227 348.5770 0021936 217.5265 142.4427 15.00520219  1483
CUTE                    
1 49263U 21088D   21280.73405002  .00001871  00000-0  14857-3 0  9992
2 49263  97.6239 348.5836 0017327 215.0540 144.9540 15.01588322  1481
2021-088E               
1 49264U 21088E   21280.73346168  .00001116  00000-0  90312-4 0  9993
2 49264  97.6220 348.5826 0016738 215.8225 144.1861 15.01670268  1483
SOYUZ-MS 19             
1 49269U 21089A   21280.32316285  .00003017  00000-0  63041-4 0  9992
2 49269  51.6448 148.2619 0004154  67.0682  85.9790 15.48942397305978
SL-4 R/B                
1 49270U 21089B   21280.99805854  .12424559  12602-4  33508-3 0  9992
2 49270  51.6361 143.3545 0005158  52.4118 308.1210 16.45413152   424
1998-067SR              
1 49272U 98067SR  21280.94009977  .00014619  00000-0  26538-3 0  9990
2 49272  51.6441 145.2027 0006274 107.0207 253.1470 15.49801052   337
1998-067SS              
1 49273U 98067SS  21280.94013206  .00017770  00000-0  32106-3 0  9990
2 49273  51.6440 145.2055 0005937 102.9330 257.2329 15.49773361   333
1998-067ST              
1 49274U 98067ST  21280.94016561  .00017714  00000-0  32045-3 0  9998
2 49274  51.6428 145.2027 0005881 101.6007 258.5646 15.49739894   333
CUAVA-1                 
1 49275U 98067SU  21280.96379703  .00025823  00000-0  46049-3 0  9990
2 49275  51.6430 145.0891 0006681 119.8923  12.7923 15.49887471   288
